#! FIELDS time lq.morethan nclust.morethan nclust20.morethan cluster_1 cluster_2 cluster_3 cluster_4
 0.000000 13.534945 308.850923 5.000000 16.000000 14.000000 12.000000 12.000000
 1.000000 319.844558 508.959570 142.000000 108.000000 99.000000 83.000000 76.000000
 2.000000 281.648722 525.942773 138.000000 115.000000 83.000000 68.000000 61.000000
 3.000000 318.874269 540.834180 142.613105 82.000000 64.000000 63.000000 58.000000
 4.000000 433.670785 471.823506 124.000000 113.000000 111.000000 106.000000 93.000000
 5.000000 438.894007 492.000000 124.650356 124.000000 100.000000 75.000000 73.000000
 6.000000 469.525816 505.204017 110.000000 116.000000 107.000000 104.000000 80.000000
 7.000000 553.171972 454.889339 115.999166 146.000000 135.000000 129.000000 117.000000
 8.000000 638.442898 483.707164 115.000000 165.000000 149.000000 145.000000 134.000000
 9.000000 653.048685 458.950620 102.000000 241.000000 164.000000 147.000000 145.000000
 10.000000 681.492973 447.001546 104.000000 181.000000 180.000000 164.000000 157.000000
 11.000000 787.178468 443.985573 103.000000 233.000000 220.000000 194.000000 154.000000
 12.000000 847.957363 423.000000 96.000000 236.000000 228.000000 207.000000 176.000000
 13.000000 937.860924 458.119790 92.000000 238.000000 237.000000 220.000000 201.000000
 14.000000 997.758014 412.367699 85.000000 285.000000 259.000000 252.000000 227.000000
 15.000000 1135.899526 425.000000 97.000000 284.000000 248.000000 228.000000 224.000000
 16.000000 1253.660102 373.939962 83.000000 319.000000 276.000000 263.000000 253.000000
 17.000000 1388.174788 399.834539 83.000000 333.000000 290.000000 250.000000 243.000000
 18.000000 1492.084863 340.888384 69.000000 364.000000 336.000000 321.000000 281.000000
 19.000000 1586.822348 337.000005 67.000000 420.000000 396.000000 301.000000 296.000000
 20.000000 1676.299483 344.872414 78.000000 420.000000 359.000000 343.000000 292.000000
 21.000000 1819.696860 323.999785 64.000000 422.000000 378.000000 369.000000 303.000000
 22.000000 1949.992871 312.819713 74.000000 443.000000 403.000000 346.000000 315.000000
 23.000000 2011.489292 328.089401 60.999985 441.000000 418.000000 407.000000 402.000000
 24.000000 2180.337820 296.848339 67.000000 438.000000 433.000000 427.000000 421.000000
 25.000000 2298.879469 276.914469 59.000000 462.000000 445.000000 416.000000 402.000000
 26.000000 2392.557034 289.361033 54.000000 538.000000 461.000000 429.000000 424.000000
 27.000000 2547.130577 265.987262 53.725621 498.000000 483.000000 480.000000 465.000000
 28.000000 2574.414557 269.996735 44.986726 516.000000 512.000000 505.000000 491.000000
 29.000000 2660.862475 261.969827 45.000000 530.000000 519.000000 499.000000 497.000000
 30.000000 2800.183987 240.998913 36.662787 979.000000 564.000000 512.000000 474.000000
 31.000000 2908.932385 242.044188 40.000000 559.000000 540.000000 534.000000 512.000000
 32.000000 2966.867308 249.000000 35.000000 974.000000 626.000000 553.000000 533.000000
 33.000000 3106.488624 217.855131 35.900754 983.000000 623.000000 556.000000 527.000000
 34.000000 3276.670082 201.826901 25.000000 1006.000000 655.000000 584.000000 545.000000
 35.000000 3353.373372 188.883606 34.000000 1034.000000 633.000000 621.000000 564.000000
 36.000000 3436.992399 206.827961 23.000000 1038.000000 647.000000 637.000000 584.000000
 37.000000 3572.217393 202.000000 33.000000 1100.000000 672.000000 647.000000 598.000000
 38.000000 3609.969151 181.000000 27.000000 1079.000000 692.000000 675.000000 624.000000
 39.000000 3653.496695 169.000000 20.000000 1050.000000 691.000000 682.000000 632.000000
 40.000000 3816.226613 167.286089 21.000000 1058.000000 715.000000 710.000000 659.000000
 41.000000 3933.282299 144.000000 18.000000 1113.000000 772.000000 730.000000 727.000000
 42.000000 4061.730902 137.994262 13.000000 1181.000000 768.000000 752.000000 750.000000
 43.000000 4080.147207 136.000000 16.000000 1161.000000 759.000000 753.000000 747.000000
 44.000000 4213.330503 134.971798 20.000000 1485.000000 1161.000000 791.000000 784.000000
 45.000000 4309.596569 138.058279 13.000000 1479.000000 1158.000000 794.000000 793.000000
 46.000000 4342.418260 126.000000 17.000000 1484.000000 1166.000000 815.000000 787.000000
 47.000000 4458.096442 125.714793 13.000000 1481.000000 1372.000000 1216.000000 796.000000
 48.000000 4533.177497 113.979129 13.000000 1442.000000 1231.000000 807.000000 806.000000
 49.000000 4620.412371 117.000000 13.000000 1471.000000 1244.000000 843.000000 843.000000
 50.000000 4692.051186 110.000000 15.000000 1505.000000 1267.000000 855.000000 829.000000
 51.000000 4827.976256 108.000000 11.000000 1521.000000 1461.000000 1291.000000 821.000000
 52.000000 4836.531751 96.977015 14.000000 1557.000000 1390.000000 1316.000000 841.000000
 53.000000 4995.719862 83.000000 15.000000 1575.000000 1410.000000 1327.000000 880.000000
 54.000000 5018.246466 98.000000 11.000000 1601.000000 1413.000000 1327.000000 896.000000
 55.000000 5042.093351 93.892406 10.000000 1584.000000 1417.000000 1342.000000 905.000000
 56.000000 5095.799405 76.000000 10.000000 1617.000000 1441.000000 1361.000000 887.000000
 57.000000 5108.741601 81.994926 8.000000 1604.000000 1458.000000 1355.000000 906.000000
 58.000000 5240.547356 74.000000 7.000000 1628.000000 1486.000000 1376.000000 935.000000
 59.000000 5250.340409 73.544802 9.000000 1648.000000 1485.000000 1385.000000 967.000000
 60.000000 5333.750347 60.983740 7.000000 1675.000000 1495.000000 1395.000000 923.000000
 61.000000 5341.507522 66.917506 8.000000 1693.000000 1481.000000 1410.000000 948.000000
 62.000000 5424.774153 57.000000 8.000000 1682.000000 1532.000000 1404.000000 954.000000
 63.000000 5439.393076 60.995458 7.000000 1689.000000 1550.000000 1394.000000 979.000000
 64.000000 5483.125075 60.000000 6.000000 2683.000000 1575.000000 1430.000000 781.000000
 65.000000 5611.598900 59.644192 6.000000 1741.000000 1579.000000 1431.000000 985.000000
 66.000000 5566.442609 63.000000 8.000000 1741.000000 1560.000000 1462.000000 965.000000
 67.000000 5538.656006 55.213798 6.000000 1745.000000 1544.000000 1438.000000 973.000000
 68.000000 5605.857591 48.000000 5.000000 2699.000000 1590.000000 1471.000000 814.000000
 69.000000 5698.017234 44.000000 5.000000 2674.000000 1587.000000 1461.000000 791.000000
 70.000000 5719.483385 61.000000 6.000000 2673.000000 1602.000000 1458.000000 809.000000
 71.000000 5812.200494 45.000000 5.000000 2645.000000 1621.000000 1509.000000 820.000000
 72.000000 5860.974237 45.000000 7.000000 2668.000000 1644.000000 1534.000000 850.000000
 73.000000 5806.477013 50.748175 5.000000 2683.000000 1657.000000 1506.000000 844.000000
 74.000000 5842.875274 49.000000 6.000000 3178.000000 2698.000000 832.000000 338.000000
 75.000000 5990.064706 51.994974 5.000000 3213.000000 2742.000000 858.000000 341.000000
 76.000000 6049.350897 39.000000 4.000000 3190.000000 2731.000000 875.000000 356.000000
 77.000000 6019.200520 36.000000 5.000000 3152.000000 2751.000000 878.000000 353.000000
 78.000000 6062.339218 39.000000 3.000000 3657.000000 3147.000000 356.000000 7.000000
 79.000000 6130.786184 42.000000 3.000000 3696.000000 3131.000000 357.000000 7.000000
 80.000000 6217.767145 43.000000 3.000000 3680.000000 3167.000000 372.000000 7.000000
 81.000000 6195.268503 34.635309 3.000000 3649.000000 3174.000000 358.000000 7.000000
 82.000000 6202.797445 42.000000 3.000000 3631.000000 3164.000000 365.000000 9.000000
 83.000000 6165.307754 40.000000 4.000000 3650.000000 3140.000000 355.000000 9.000000
 84.000000 6257.640873 39.000000 3.000000 3701.000000 3181.000000 369.000000 7.000000
 85.000000 6232.695853 40.000000 3.000000 3645.000000 3172.000000 387.000000 8.000000
 86.000000 6314.440891 28.000000 3.000000 3689.000000 3223.000000 378.000000 7.000000
 87.000000 6304.595751 28.000000 3.000000 3694.000000 3220.000000 384.000000 6.000000
 88.000000 6321.620948 35.000000 4.000000 3703.000000 3252.000000 379.000000 9.000000
 89.000000 6287.318077 26.999989 3.000000 3698.000000 3191.000000 362.000000 6.000000
 90.000000 6331.064724 35.000000 3.000000 3686.000000 3211.000000 360.000000 6.000000
 91.000000 6366.882243 25.000000 3.000000 3726.000000 3236.000000 367.000000 7.000000
 92.000000 6339.817388 29.000000 4.000000 3686.000000 3248.000000 378.000000 8.000000
 93.000000 6351.120912 35.000000 3.000000 3709.000000 3257.000000 370.000000 6.000000
 94.000000 6362.361777 26.000000 3.000000 3695.000000 3297.000000 365.000000 7.000000
 95.000000 6343.266062 29.000000 3.000000 3684.000000 3296.000000 372.000000 7.000000
 96.000000 6385.791902 28.000000 3.000000 3701.000000 3286.000000 369.000000 9.000000
 97.000000 6351.768211 29.810725 3.000000 3675.000000 3296.000000 355.000000 6.000000
 98.000000 6365.099881 36.991175 4.000000 3691.000000 3317.000000 366.000000 7.000000
 99.000000 6418.054552 30.000000 3.000000 3714.000000 3297.000000 378.000000 7.000000
 100.000000 6460.484925 37.000000 3.000000 3753.000000 3313.000000 386.000000 7.000000
 101.000000 6488.430148 30.999085 4.000000 3737.000000 3325.000000 376.000000 10.000000
 102.000000 6428.558300 36.000000 3.000000 3715.000000 3297.000000 363.000000 9.000000
 103.000000 6439.945422 34.000000 3.000000 3723.000000 3343.000000 362.000000 10.000000
 104.000000 6423.048047 27.123366 3.000000 3719.000000 3338.000000 369.000000 8.000000
 105.000000 6467.182801 23.992133 4.000000 3708.000000 3344.000000 372.000000 10.000000
 106.000000 6455.895416 23.000000 3.000000 3704.000000 3378.000000 355.000000 6.000000
 107.000000 6464.530634 24.000000 3.000000 3731.000000 3344.000000 390.000000 7.000000
 108.000000 6504.792852 23.000000 2.000000 3760.000000 3729.000000 6.000000 6.000000
 109.000000 6513.837188 30.000000 2.000000 3772.000000 3673.000000 8.000000 8.000000
 110.000000 6531.707542 29.000000 2.000000 3753.000000 3678.000000 6.000000 6.000000
 111.000000 6550.650705 29.000000 2.000000 3804.000000 3676.000000 7.000000 7.000000
 112.000000 6526.246461 25.096615 3.000000 3794.000000 3636.000000 7.000000 6.000000
 113.000000 6574.997100 20.000000 2.000000 3801.000000 3648.000000 6.000000 6.000000
 114.000000 6535.526249 29.000000 2.000000 3788.000000 3659.000000 9.000000 6.000000
 115.000000 6600.910942 28.000000 2.000000 3831.000000 3649.000000 6.000000 5.000000
 116.000000 6647.846886 23.000000 2.000000 3844.000000 3685.000000 7.000000 6.000000
 117.000000 6643.571149 33.000000 2.000000 3853.000000 3718.000000 7.000000 6.000000
 118.000000 6670.499254 19.000000 2.000000 3831.000000 3714.000000 6.000000 6.000000
 119.000000 6639.437605 20.646847 2.000000 3856.000000 3707.000000 7.000000 7.000000
 120.000000 6611.356274 21.000000 2.000000 3847.000000 3731.000000 7.000000 6.000000
 121.000000 6675.709450 26.407141 2.000000 3846.000000 3720.000000 8.000000 6.000000
 122.000000 6681.204896 27.000000 2.000000 3872.000000 3753.000000 7.000000 6.000000
 123.000000 6697.423381 23.247155 2.000000 3870.000000 3718.000000 8.000000 6.000000
 124.000000 6737.180395 20.000000 2.000000 3868.000000 3769.000000 7.000000 5.000000
 125.000000 6783.351963 24.000000 2.000000 3913.000000 3776.000000 6.000000 6.000000
 126.000000 6770.512666 21.000000 2.000000 3917.000000 3806.000000 6.000000 6.000000
 127.000000 6806.934594 24.000000 2.000000 3914.000000 3792.000000 7.000000 6.000000
 128.000000 6852.535841 13.000000 2.000000 3900.000000 3813.000000 7.000000 5.000000
 129.000000 6780.186281 19.000000 2.000000 3889.000000 3821.000000 6.000000 5.000000
 130.000000 6794.586271 25.647822 2.000000 3903.000000 3786.000000 5.000000 5.000000
 131.000000 6806.003472 21.000000 2.000000 3896.000000 3803.000000 6.000000 5.000000
 132.000000 6799.253818 14.000000 2.000000 3899.000000 3790.000000 5.000000 5.000000
 133.000000 6831.060093 19.000000 2.000000 3882.000000 3816.000000 7.000000 6.000000
 134.000000 6799.207827 19.000000 2.000000 3886.000000 3781.000000 7.000000 5.000000
 135.000000 6791.791083 35.933297 2.000000 3879.000000 3817.000000 7.000000 6.000000
 136.000000 6828.277261 15.000000 2.000000 3936.000000 3781.000000 8.000000 6.000000
 137.000000 6794.955427 17.000000 2.000000 3902.000000 3769.000000 7.000000 6.000000
 138.000000 6762.922916 22.000000 2.000000 3876.000000 3813.000000 7.000000 5.000000
 139.000000 6806.399104 24.000000 2.000000 3876.000000 3806.000000 6.000000 6.000000
 140.000000 6777.488198 21.998496 2.000000 3887.000000 3778.000000 7.000000 5.000000
 141.000000 6751.048947 16.000000 2.000000 3895.000000 3777.000000 7.000000 6.000000
 142.000000 6780.779273 15.000000 2.000000 3888.000000 3791.000000 6.000000 5.000000
 143.000000 6817.432536 13.000000 2.000000 3899.000000 3799.000000 7.000000 5.000000
 144.000000 6761.860487 19.000000 2.000000 3907.000000 3793.000000 6.000000 5.000000
 145.000000 6795.439863 19.000000 2.000000 3897.000000 3801.000000 8.000000 5.000000
 146.000000 6776.564448 23.000000 2.000000 3892.000000 3781.000000 6.000000 5.000000
 147.000000 6730.454206 26.000000 2.000000 3881.000000 3757.000000 8.000000 6.000000
 148.000000 6748.335634 20.000000 2.000000 3884.000000 3761.000000 5.000000 5.000000
 149.000000 6802.242624 27.702138 3.000000 3892.000000 3770.000000 10.000000 5.000000
 150.000000 6745.151174 20.000000 2.000000 3870.000000 3774.000000 7.000000 6.000000
 151.000000 6766.878148 22.000000 2.000000 3858.000000 3770.000000 7.000000 7.000000
 152.000000 6734.741646 23.141115 2.000000 3877.000000 3764.000000 7.000000 6.000000
 153.000000 6805.619420 22.000000 2.000000 3887.000000 3802.000000 7.000000 6.000000
 154.000000 6775.258160 16.000000 2.000000 3892.000000 3783.000000 6.000000 5.000000
 155.000000 6761.885734 18.000000 2.000000 3861.000000 3806.000000 6.000000 5.000000
 156.000000 6802.873396 16.000000 2.000000 3880.000000 3792.000000 5.000000 4.000000
 157.000000 6793.074457 18.000000 2.000000 3904.000000 3827.000000 5.000000 5.000000
 158.000000 6835.763961 18.000000 2.000000 3933.000000 3805.000000 6.000000 6.000000
 159.000000 6774.924052 21.000000 2.000000 3920.000000 3761.000000 9.000000 6.000000
 160.000000 6777.807334 21.000000 2.000000 3917.000000 3752.000000 7.000000 6.000000
 161.000000 6780.554972 23.000000 2.000000 3924.000000 3773.000000 6.000000 6.000000
 162.000000 6778.031254 21.000000 2.000000 3911.000000 3772.000000 6.000000 5.000000
 163.000000 6748.060196 13.999747 2.000000 3885.000000 3806.000000 6.000000 6.000000
 164.000000 6784.080194 27.000000 2.000000 3907.000000 3807.000000 8.000000 7.000000
 165.000000 6756.380943 18.000000 2.000000 3862.000000 3810.000000 7.000000 7.000000
 166.000000 6791.388672 15.000000 2.000000 3867.000000 3802.000000 6.000000 5.000000
 167.000000 6839.635673 19.000000 2.000000 3915.000000 3855.000000 7.000000 7.000000
 168.000000 6856.752774 16.000000 2.000000 3926.000000 3846.000000 5.000000 4.000000
 169.000000 6831.842613 19.804817 2.000000 3925.000000 3840.000000 7.000000 5.000000
 170.000000 6842.493002 23.000000 2.000000 3925.000000 3814.000000 7.000000 6.000000
 171.000000 6788.151647 26.000000 2.000000 3876.000000 3800.000000 6.000000 6.000000
 172.000000 6777.391023 26.000000 2.000000 3890.000000 3772.000000 6.000000 6.000000
 173.000000 6821.965530 18.000000 2.000000 3894.000000 3807.000000 6.000000 5.000000
 174.000000 6817.088424 15.000000 2.000000 3933.000000 3766.000000 5.000000 5.000000
 175.000000 6869.826582 21.000000 2.000000 3968.000000 3765.000000 6.000000 5.000000
 176.000000 6848.029787 19.072960 2.000000 3970.000000 3772.000000 6.000000 6.000000
 177.000000 6861.471983 18.000000 2.000000 3964.000000 3785.000000 6.000000 5.000000
 178.000000 6851.254612 16.000000 2.000000 3955.000000 3809.000000 7.000000 5.000000
 179.000000 6860.007501 17.000000 2.000000 3952.000000 3810.000000 5.000000 5.000000
 180.000000 6823.049553 21.000000 2.000000 3942.000000 3796.000000 6.000000 6.000000
 181.000000 6795.812031 14.000000 2.000000 3932.000000 3787.000000 7.000000 6.000000
 182.000000 6828.591389 14.000000 2.000000 3931.000000 3809.000000 7.000000 6.000000
 183.000000 6827.999943 10.000000 2.000000 3941.000000 3801.000000 7.000000 5.000000
 184.000000 6815.654603 21.000000 2.000000 3926.000000 3796.000000 7.000000 6.000000
 185.000000 6864.921061 16.000000 2.000000 3954.000000 3825.000000 5.000000 5.000000
 186.000000 6826.904660 18.000000 2.000000 3934.000000 3798.000000 6.000000 6.000000
 187.000000 6829.462025 20.000000 2.000000 3931.000000 3797.000000 7.000000 7.000000
 188.000000 6832.168271 18.000000 2.000000 3912.000000 3835.000000 6.000000 6.000000
 189.000000 6872.279026 22.000000 2.000000 3915.000000 3849.000000 8.000000 7.000000
 190.000000 6896.844108 14.000000 2.000000 3957.000000 3852.000000 5.000000 4.000000
 191.000000 6936.053090 13.000000 1.000000 7853.000000 6.000000 5.000000 5.000000
 192.000000 7042.590093 17.000000 1.000000 7843.000000 6.000000 5.000000 5.000000
 193.000000 7059.145823 21.784853 1.000000 7829.000000 6.000000 5.000000 5.000000
 194.000000 7087.781715 18.000000 1.000000 7831.000000 6.000000 5.000000 5.000000
 195.000000 7076.734496 18.000000 1.000000 7807.000000 6.000000 5.000000 5.000000
 196.000000 7047.000172 12.000000 1.000000 7757.000000 6.000000 5.000000 5.000000
 197.000000 7034.554075 12.000000 1.000000 7764.000000 6.000000 6.000000 5.000000
 198.000000 7063.581404 19.000000 1.000000 7742.000000 7.000000 6.000000 5.000000
 199.000000 7057.772602 11.000000 1.000000 7773.000000 5.000000 5.000000 5.000000
 200.000000 7060.863932 20.000000 1.000000 7784.000000 6.000000 6.000000 6.000000
 201.000000 7055.407600 18.000000 1.000000 7762.000000 5.000000 5.000000 4.000000
 202.000000 7027.502556 16.992040 2.000000 7772.000000 7.000000 6.000000 5.000000
 203.000000 7021.733390 13.000000 1.000000 7747.000000 9.000000 6.000000 6.000000
 204.000000 7040.860617 13.000000 1.000000 7733.000000 6.000000 5.000000 4.000000
 205.000000 7029.533812 16.315729 1.000000 7751.000000 5.000000 5.000000 5.000000
 206.000000 7050.300543 15.000000 1.000000 7783.000000 6.000000 5.000000 5.000000
 207.000000 7009.020249 15.000000 1.000000 7751.000000 8.000000 8.000000 7.000000
 208.000000 6994.785293 14.000000 1.000000 7725.000000 6.000000 6.000000 5.000000
 209.000000 7024.850033 11.000000 1.000000 7778.000000 8.000000 6.000000 6.000000
 210.000000 7020.454974 20.000000 1.000000 7738.000000 8.000000 6.000000 6.000000
 211.000000 7057.877714 18.000000 1.000000 7763.000000 9.000000 7.000000 6.000000
 212.000000 7039.889393 20.000000 1.000000 7723.000000 7.000000 7.000000 7.000000
 213.000000 7031.957483 18.000000 1.000000 7749.000000 6.000000 6.000000 5.000000
 214.000000 7024.497386 12.000000 1.000000 7748.000000 7.000000 7.000000 5.000000
 215.000000 7025.804068 20.000000 2.000000 7734.000000 9.000000 6.000000 5.000000
 216.000000 7053.073898 16.000000 1.000000 7741.000000 6.000000 5.000000 5.000000
 217.000000 7063.963843 15.000000 1.000000 7736.000000 5.000000 5.000000 5.000000
 218.000000 7104.066092 21.000000 1.000000 7785.000000 10.000000 5.000000 5.000000
 219.000000 7116.056013 22.000000 1.000000 7813.000000 6.000000 5.000000 5.000000
 220.000000 7125.998644 16.000000 1.000000 7825.000000 6.000000 5.000000 5.000000
 221.000000 7106.217904 21.000000 1.000000 7801.000000 6.000000 5.000000 5.000000
 222.000000 7086.110702 14.000000 1.000000 7797.000000 5.000000 5.000000 5.000000
 223.000000 7084.633876 7.000000 1.000000 7798.000000 6.000000 6.000000 4.000000
 224.000000 7083.959974 12.000000 1.000000 7814.000000 6.000000 5.000000 4.000000
 225.000000 7094.873531 18.000000 1.000000 7838.000000 6.000000 6.000000 5.000000
 226.000000 7136.536076 14.000000 1.000000 7850.000000 5.000000 4.000000 4.000000
 227.000000 7125.059795 14.000000 1.000000 7832.000000 6.000000 6.000000 5.000000
 228.000000 7077.340513 10.000000 1.000000 7816.000000 6.000000 5.000000 4.000000
 229.000000 7104.674660 15.000000 1.000000 7812.000000 6.000000 6.000000 5.000000
 230.000000 7085.651038 13.000000 1.000000 7760.000000 6.000000 6.000000 5.000000
 231.000000 7031.691167 16.000000 1.000000 7758.000000 6.000000 6.000000 5.000000
 232.000000 7054.236400 23.000000 1.000000 7776.000000 6.000000 5.000000 5.000000
 233.000000 7050.545744 18.000000 1.000000 7766.000000 8.000000 7.000000 6.000000
 234.000000 6999.876161 20.000000 1.000000 7720.000000 8.000000 7.000000 6.000000
 235.000000 7063.439514 22.979419 2.000000 7758.000000 9.000000 8.000000 7.000000
 236.000000 7065.363191 18.472586 1.000000 7762.000000 6.000000 6.000000 6.000000
 237.000000 7045.711506 12.000000 1.000000 7783.000000 5.000000 5.000000 4.000000
 238.000000 7028.267829 21.085254 1.000000 7757.000000 6.000000 5.000000 5.000000
 239.000000 7030.499945 17.237474 1.000000 7752.000000 6.000000 5.000000 5.000000
 240.000000 7094.640012 14.000000 1.000000 7808.000000 7.000000 6.000000 5.000000
 241.000000 7069.506913 24.776786 1.000000 7779.000000 10.000000 6.000000 5.000000
 242.000000 7075.188150 18.000000 1.000000 7768.000000 6.000000 6.000000 5.000000
 243.000000 7024.042911 13.018618 1.000000 7763.000000 7.000000 5.000000 5.000000
 244.000000 7033.467557 12.000000 1.000000 7744.000000 5.000000 5.000000 5.000000
 245.000000 7037.524136 12.895389 1.000000 7735.000000 7.000000 5.000000 5.000000
 246.000000 7085.700825 13.000000 1.000000 7784.000000 6.000000 6.000000 5.000000
 247.000000 7078.997340 17.000000 1.000000 7816.000000 6.000000 6.000000 6.000000
 248.000000 7113.379900 18.000000 1.000000 7801.000000 8.000000 6.000000 5.000000
 249.000000 7084.785025 17.000000 1.000000 7794.000000 5.000000 5.000000 5.000000
 250.000000 7081.378632 17.000000 1.000000 7780.000000 6.000000 5.000000 5.000000
 251.000000 7071.209589 17.000000 1.000000 7827.000000 6.000000 6.000000 5.000000
 252.000000 7086.674636 13.000000 1.000000 7783.000000 5.000000 5.000000 4.000000
 253.000000 7059.120904 11.998865 1.000000 7756.000000 5.000000 5.000000 5.000000
 254.000000 7094.986245 15.923061 2.000000 7804.000000 8.000000 6.000000 6.000000
 255.000000 7132.570230 19.000000 1.000000 7829.000000 5.000000 5.000000 4.000000
 256.000000 7119.866995 20.000000 1.000000 7823.000000 8.000000 7.000000 6.000000
 257.000000 7104.964223 18.544443 1.000000 7789.000000 7.000000 6.000000 6.000000
 258.000000 7150.864469 22.000000 2.000000 7825.000000 10.000000 6.000000 5.000000
 259.000000 7106.057948 15.999614 1.000000 7787.000000 6.000000 5.000000 5.000000
 260.000000 7107.548539 18.000000 1.000000 7793.000000 9.000000 6.000000 6.000000
 261.000000 7092.437240 17.000000 1.000000 7821.000000 6.000000 6.000000 6.000000
 262.000000 7115.160848 15.920232 1.000000 7864.000000 6.000000 5.000000 5.000000
 263.000000 7109.569102 13.000000 1.000000 7835.000000 8.000000 6.000000 6.000000
 264.000000 7084.917173 19.000000 1.000000 7812.000000 8.000000 6.000000 6.000000
 265.000000 7062.966913 14.988680 1.000000 7826.000000 6.000000 6.000000 5.000000
 266.000000 7106.033723 16.926352 1.000000 7814.000000 6.000000 6.000000 5.000000
 267.000000 7117.313147 18.000000 1.000000 7788.000000 8.000000 5.000000 4.000000
 268.000000 7078.570680 13.000000 1.000000 7798.000000 7.000000 6.000000 5.000000
 269.000000 7119.344340 9.000000 1.000000 7816.000000 6.000000 5.000000 5.000000
 270.000000 7157.815008 15.000000 1.000000 7860.000000 8.000000 5.000000 5.000000
 271.000000 7152.893080 15.000000 1.000000 7856.000000 8.000000 6.000000 5.000000
 272.000000 7112.904394 11.000000 1.000000 7843.000000 5.000000 5.000000 5.000000
 273.000000 7128.430232 11.000000 1.000000 7817.000000 5.000000 5.000000 4.000000
 274.000000 7167.256905 12.000000 1.000000 7900.000000 7.000000 5.000000 5.000000
 275.000000 7178.592535 20.000000 2.000000 7878.000000 7.000000 7.000000 6.000000
 276.000000 7151.531954 15.723993 1.000000 7829.000000 6.000000 5.000000 4.000000
 277.000000 7133.069476 16.000000 1.000000 7817.000000 5.000000 5.000000 4.000000
 278.000000 7150.145448 25.000000 1.000000 7858.000000 7.000000 6.000000 5.000000
 279.000000 7119.811236 12.000000 1.000000 7851.000000 9.000000 5.000000 5.000000
 280.000000 7094.706030 16.000000 1.000000 7825.000000 5.000000 5.000000 5.000000
 281.000000 7136.490648 17.000000 1.000000 7834.000000 5.000000 5.000000 5.000000
 282.000000 7088.132572 11.804509 1.000000 7807.000000 6.000000 5.000000 5.000000
 283.000000 7100.266555 17.000000 1.000000 7805.000000 5.000000 5.000000 5.000000
 284.000000 7098.822846 16.000000 1.000000 7807.000000 8.000000 6.000000 6.000000
 285.000000 7107.434975 8.000000 1.000000 7840.000000 8.000000 4.000000 4.000000
 286.000000 7103.474306 19.000000 1.000000 7818.000000 7.000000 5.000000 5.000000
 287.000000 7138.682143 8.143628 1.000000 7858.000000 6.000000 5.000000 4.000000
 288.000000 7161.496365 10.000000 1.000000 7854.000000 5.000000 5.000000 4.000000
 289.000000 7140.263842 10.670169 1.000000 7839.000000 5.000000 5.000000 4.000000
 290.000000 7138.140482 12.000000 1.000000 7844.000000 5.000000 5.000000 5.000000
 291.000000 7097.358231 14.000000 1.000000 7832.000000 6.000000 5.000000 4.000000
 292.000000 7125.921830 22.000000 1.000000 7814.000000 8.000000 6.000000 6.000000
 293.000000 7119.851552 15.000000 1.000000 7815.000000 8.000000 5.000000 5.000000
 294.000000 7103.513158 17.021592 1.000000 7790.000000 6.000000 5.000000 5.000000
 295.000000 7106.686533 7.000000 1.000000 7818.000000 5.000000 4.000000 4.000000
 296.000000 7152.236028 17.000000 1.000000 7836.000000 7.000000 5.000000 5.000000
 297.000000 7114.705212 7.000000 1.000000 7836.000000 5.000000 5.000000 5.000000
 298.000000 7086.868953 10.000000 1.000000 7801.000000 8.000000 8.000000 6.000000
 299.000000 7099.743163 16.000000 1.000000 7796.000000 6.000000 5.000000 5.000000
 300.000000 7027.272667 19.000000 1.000000 7745.000000 6.000000 6.000000 5.000000
 301.000000 7073.066508 19.000000 1.000000 7752.000000 5.000000 5.000000 5.000000
 302.000000 7075.310688 21.000000 1.000000 7786.000000 7.000000 6.000000 5.000000
 303.000000 7107.752957 19.000000 1.000000 7840.000000 8.000000 7.000000 7.000000
 304.000000 7085.719363 17.890331 1.000000 7834.000000 8.000000 6.000000 6.000000
 305.000000 7103.556731 17.000000 2.000000 7840.000000 11.000000 8.000000 5.000000
 306.000000 7144.223908 14.313269 1.000000 7862.000000 6.000000 6.000000 6.000000
 307.000000 7114.334342 10.000000 1.000000 7841.000000 6.000000 5.000000 5.000000
 308.000000 7053.880463 12.000000 1.000000 7786.000000 6.000000 5.000000 4.000000
 309.000000 7100.028695 22.000000 1.000000 7802.000000 6.000000 6.000000 5.000000
 310.000000 7091.061689 16.000000 1.000000 7788.000000 8.000000 6.000000 5.000000
 311.000000 7046.917774 9.000000 1.000000 7751.000000 6.000000 6.000000 5.000000
 312.000000 7089.683672 19.785966 1.000000 7765.000000 7.000000 6.000000 5.000000
 313.000000 7065.166630 12.063133 1.000000 7740.000000 7.000000 5.000000 5.000000
 314.000000 7088.045715 17.013915 1.000000 7785.000000 6.000000 6.000000 5.000000
 315.000000 7079.039254 17.000000 1.000000 7779.000000 6.000000 5.000000 5.000000
 316.000000 7106.155326 19.000000 1.000000 7826.000000 6.000000 5.000000 5.000000
 317.000000 7096.944102 20.000000 1.000000 7816.000000 8.000000 6.000000 5.000000
 318.000000 7132.453516 16.000000 1.000000 7806.000000 7.000000 6.000000 6.000000
 319.000000 7119.735799 11.000000 1.000000 7803.000000 7.000000 5.000000 5.000000
 320.000000 7138.071300 16.685296 1.000000 7850.000000 6.000000 6.000000 6.000000
 321.000000 7087.891769 14.000000 1.000000 7834.000000 6.000000 5.000000 5.000000
 322.000000 7150.064037 18.000000 1.000000 7840.000000 5.000000 5.000000 5.000000
 323.000000 7076.291011 16.000000 1.000000 7822.000000 6.000000 5.000000 5.000000
 324.000000 7103.075342 17.000000 1.000000 7817.000000 7.000000 6.000000 6.000000
 325.000000 7127.437743 13.000000 1.000000 7844.000000 6.000000 5.000000 5.000000
 326.000000 7123.154420 9.000000 1.000000 7850.000000 5.000000 4.000000 4.000000
 327.000000 7166.661838 15.000000 1.000000 7860.000000 6.000000 6.000000 5.000000
 328.000000 7177.756245 12.000000 1.000000 7878.000000 6.000000 5.000000 5.000000
 329.000000 7218.119960 15.000000 1.000000 7919.000000 8.000000 6.000000 5.000000
 330.000000 7197.627702 17.000000 1.000000 7915.000000 6.000000 6.000000 6.000000
 331.000000 7155.145640 18.000000 1.000000 7855.000000 6.000000 6.000000 5.000000
 332.000000 7129.482737 22.000000 1.000000 7851.000000 5.000000 5.000000 5.000000
 333.000000 7170.620230 17.026345 1.000000 7881.000000 7.000000 5.000000 5.000000
 334.000000 7180.006685 15.204013 1.000000 7877.000000 6.000000 4.000000 4.000000
 335.000000 7173.536439 15.000000 1.000000 7868.000000 6.000000 5.000000 5.000000
 336.000000 7148.097124 23.000000 1.000000 7876.000000 6.000000 6.000000 5.000000
 337.000000 7155.496625 12.000000 1.000000 7847.000000 5.000000 5.000000 5.000000
 338.000000 7140.790456 14.000000 1.000000 7860.000000 6.000000 5.000000 5.000000
 339.000000 7120.499749 21.000000 1.000000 7821.000000 8.000000 5.000000 5.000000
 340.000000 7096.188792 18.903738 1.000000 7826.000000 5.000000 5.000000 5.000000
 341.000000 7150.876188 14.999679 1.000000 7869.000000 7.000000 5.000000 5.000000
 342.000000 7113.572242 12.000000 1.000000 7839.000000 6.000000 5.000000 5.000000
 343.000000 7147.765190 16.000000 1.000000 7845.000000 7.000000 5.000000 5.000000
 344.000000 7115.614380 14.000000 1.000000 7837.000000 6.000000 5.000000 5.000000
 345.000000 7098.182893 17.000000 1.000000 7814.000000 6.000000 6.000000 5.000000
 346.000000 7103.382546 20.000000 1.000000 7780.000000 7.000000 6.000000 5.000000
 347.000000 7095.128861 24.000000 1.000000 7824.000000 7.000000 6.000000 5.000000
 348.000000 7159.770580 21.000000 1.000000 7862.000000 5.000000 5.000000 5.000000
 349.000000 7121.759530 16.000000 1.000000 7824.000000 6.000000 6.000000 4.000000
 350.000000 7120.137744 17.000000 1.000000 7834.000000 7.000000 6.000000 6.000000
 351.000000 7159.834063 16.000000 2.000000 7879.000000 9.000000 6.000000 6.000000
 352.000000 7193.735253 17.998395 1.000000 7897.000000 6.000000 5.000000 5.000000
 353.000000 7158.304744 13.000000 1.000000 7854.000000 9.000000 6.000000 6.000000
 354.000000 7121.375202 19.000000 1.000000 7816.000000 7.000000 6.000000 5.000000
 355.000000 7068.709344 12.000000 1.000000 7806.000000 6.000000 6.000000 5.000000
 356.000000 7068.063157 20.000000 1.000000 7777.000000 8.000000 6.000000 6.000000
 357.000000 7064.678637 18.000000 1.000000 7731.000000 8.000000 6.000000 6.000000
 358.000000 7016.587059 15.000000 1.000000 7733.000000 9.000000 6.000000 4.000000
 359.000000 7025.913512 16.000000 1.000000 7741.000000 6.000000 6.000000 5.000000
 360.000000 7009.941743 19.000000 1.000000 7725.000000 6.000000 5.000000 5.000000
 361.000000 7060.850800 13.000000 1.000000 7799.000000 7.000000 6.000000 5.000000
 362.000000 7074.616293 16.987312 1.000000 7787.000000 7.000000 5.000000 5.000000
 363.000000 7085.152317 11.000000 1.000000 7826.000000 6.000000 5.000000 5.000000
 364.000000 7148.416382 15.000000 2.000000 7865.000000 10.000000 6.000000 6.000000
 365.000000 7131.634017 12.000000 1.000000 7832.000000 7.000000 6.000000 6.000000
 366.000000 7104.489481 22.000000 1.000000 7811.000000 8.000000 7.000000 5.000000
 367.000000 7070.671260 17.000000 1.000000 7812.000000 5.000000 5.000000 5.000000
 368.000000 7092.499005 21.000000 1.000000 7776.000000 6.000000 6.000000 6.000000
 369.000000 7054.051537 16.000000 1.000000 7769.000000 6.000000 6.000000 5.000000
 370.000000 7092.316655 13.000000 1.000000 7761.000000 8.000000 7.000000 6.000000
 371.000000 7079.987225 14.000000 1.000000 7754.000000 6.000000 5.000000 4.000000
 372.000000 7073.817296 18.000000 1.000000 7810.000000 7.000000 6.000000 6.000000
 373.000000 7064.521175 16.000000 1.000000 7779.000000 5.000000 5.000000 5.000000
 374.000000 7037.757969 19.000000 1.000000 7765.000000 6.000000 5.000000 5.000000
 375.000000 7071.949152 15.269597 1.000000 7746.000000 6.000000 5.000000 5.000000
 376.000000 7081.006054 11.047459 1.000000 7756.000000 6.000000 6.000000 5.000000
 377.000000 7083.595382 8.000000 1.000000 7776.000000 5.000000 5.000000 4.000000
 378.000000 7049.102035 17.000000 1.000000 7778.000000 6.000000 6.000000 5.000000
 379.000000 7096.847208 14.000000 1.000000 7798.000000 6.000000 4.000000 4.000000
 380.000000 7069.974931 15.000000 1.000000 7814.000000 5.000000 5.000000 5.000000
 381.000000 7090.562333 12.000000 1.000000 7824.000000 5.000000 5.000000 5.000000
 382.000000 7069.279772 28.000000 1.000000 7787.000000 6.000000 5.000000 4.000000
 383.000000 7113.381566 22.000000 1.000000 7811.000000 7.000000 6.000000 6.000000
 384.000000 7072.835144 17.000000 2.000000 7810.000000 7.000000 7.000000 6.000000
 385.000000 7111.290651 24.000000 1.000000 7828.000000 7.000000 6.000000 6.000000
 386.000000 7123.808766 15.916288 1.000000 7818.000000 6.000000 5.000000 5.000000
 387.000000 7121.718412 12.975681 1.000000 7829.000000 5.000000 5.000000 5.000000
 388.000000 7145.161373 10.000000 1.000000 7851.000000 5.000000 5.000000 4.000000
 389.000000 7074.202779 10.000000 1.000000 7770.000000 6.000000 5.000000 4.000000
 390.000000 7118.461791 9.839276 1.000000 7822.000000 5.000000 5.000000 5.000000
 391.000000 7079.125949 17.000000 1.000000 7796.000000 5.000000 5.000000 5.000000
 392.000000 7113.578136 19.000000 2.000000 7812.000000 8.000000 8.000000 5.000000
 393.000000 7103.334732 18.000000 2.000000 7834.000000 12.000000 7.000000 5.000000
 394.000000 7064.480808 16.000000 2.000000 7770.000000 8.000000 7.000000 5.000000
 395.000000 7027.131379 11.000000 1.000000 7764.000000 8.000000 6.000000 6.000000
 396.000000 7039.483781 22.000000 1.000000 7743.000000 6.000000 6.000000 6.000000
 397.000000 7031.325669 22.000000 1.000000 7747.000000 6.000000 6.000000 6.000000
 398.000000 7035.565436 21.000000 1.000000 7732.000000 5.000000 5.000000 4.000000
 399.000000 7035.520085 15.000000 1.000000 7721.000000 6.000000 6.000000 5.000000
 400.000000 7033.103867 19.207243 1.000000 7710.000000 5.000000 5.000000 5.000000
 401.000000 7032.845695 19.000000 1.000000 7738.000000 7.000000 6.000000 6.000000
 402.000000 7036.966041 22.000000 1.000000 7745.000000 7.000000 6.000000 5.000000
 403.000000 7047.033235 15.000000 1.000000 7729.000000 6.000000 6.000000 5.000000
 404.000000 7033.742243 15.000000 1.000000 7733.000000 5.000000 5.000000 4.000000
 405.000000 7027.104636 14.000000 1.000000 7737.000000 7.000000 6.000000 6.000000
 406.000000 7026.637196 26.000000 1.000000 7740.000000 7.000000 7.000000 6.000000
 407.000000 7039.968814 9.000000 1.000000 7740.000000 6.000000 4.000000 4.000000
 408.000000 7055.504470 16.000000 1.000000 7784.000000 6.000000 5.000000 5.000000
 409.000000 7099.546680 16.000000 1.000000 7835.000000 5.000000 5.000000 4.000000
 410.000000 7078.437453 17.995290 1.000000 7793.000000 8.000000 6.000000 6.000000
 411.000000 7057.650093 20.000000 1.000000 7763.000000 7.000000 5.000000 5.000000
 412.000000 7011.224768 21.000000 1.000000 7725.000000 7.000000 5.000000 4.000000
 413.000000 7050.049586 16.000000 1.000000 7732.000000 6.000000 6.000000 5.000000
 414.000000 7031.553827 19.000000 1.000000 7729.000000 7.000000 6.000000 5.000000
 415.000000 7011.157345 14.000000 1.000000 7720.000000 6.000000 5.000000 5.000000
 416.000000 7050.127361 20.000000 2.000000 7764.000000 8.000000 6.000000 6.000000
 417.000000 7053.592515 16.000000 1.000000 7792.000000 6.000000 6.000000 5.000000
 418.000000 7044.724721 10.000000 1.000000 7784.000000 6.000000 6.000000 5.000000
 419.000000 7058.174650 15.889248 1.000000 7760.000000 6.000000 5.000000 5.000000
 420.000000 7074.339118 15.000000 1.000000 7781.000000 6.000000 5.000000 5.000000
 421.000000 7056.245275 13.000000 1.000000 7778.000000 5.000000 5.000000 4.000000
 422.000000 7083.377826 9.000000 1.000000 7820.000000 5.000000 5.000000 5.000000
 423.000000 7106.605054 15.000000 1.000000 7830.000000 6.000000 5.000000 5.000000
 424.000000 7097.487978 10.000000 1.000000 7808.000000 6.000000 6.000000 5.000000
 425.000000 7101.652610 11.000000 1.000000 7775.000000 8.000000 7.000000 5.000000
 426.000000 7029.427155 14.000000 1.000000 7745.000000 7.000000 6.000000 6.000000
 427.000000 7030.698317 17.000000 1.000000 7747.000000 7.000000 7.000000 5.000000
 428.000000 7050.608201 15.000000 1.000000 7774.000000 6.000000 5.000000 5.000000
 429.000000 7059.138118 19.000000 2.000000 7753.000000 9.000000 7.000000 6.000000
 430.000000 7090.906788 24.898516 1.000000 7782.000000 7.000000 6.000000 6.000000
 431.000000 7042.813706 16.000000 1.000000 7750.000000 6.000000 6.000000 5.000000
 432.000000 7062.252953 18.000000 1.000000 7787.000000 6.000000 6.000000 5.000000
 433.000000 7070.243041 14.000000 1.000000 7763.000000 5.000000 5.000000 5.000000
 434.000000 7068.017863 13.000000 1.000000 7783.000000 6.000000 6.000000 5.000000
 435.000000 7039.272022 18.000000 1.000000 7749.000000 7.000000 5.000000 5.000000
 436.000000 7041.127861 18.000000 1.000000 7768.000000 7.000000 7.000000 5.000000
 437.000000 7041.649572 10.983110 1.000000 7767.000000 7.000000 6.000000 6.000000
 438.000000 7045.934846 12.000000 1.000000 7781.000000 4.000000 4.000000 4.000000
 439.000000 7053.248500 17.000000 1.000000 7759.000000 6.000000 6.000000 6.000000
 440.000000 7071.487813 15.871981 2.000000 7773.000000 9.000000 6.000000 6.000000
 441.000000 7079.410626 19.000000 1.000000 7803.000000 7.000000 6.000000 6.000000
 442.000000 7026.299580 16.000000 1.000000 7757.000000 8.000000 6.000000 6.000000
 443.000000 7056.941233 20.000000 1.000000 7758.000000 8.000000 8.000000 6.000000
 444.000000 7066.187199 13.000000 1.000000 7754.000000 7.000000 6.000000 5.000000
 445.000000 7057.136239 11.000000 1.000000 7764.000000 6.000000 5.000000 5.000000
 446.000000 7036.581707 17.000000 1.000000 7738.000000 6.000000 6.000000 5.000000
 447.000000 7045.417627 13.000000 1.000000 7784.000000 5.000000 4.000000 4.000000
 448.000000 7101.356492 13.007388 1.000000 7813.000000 6.000000 5.000000 5.000000
 449.000000 7109.433111 21.883757 1.000000 7855.000000 6.000000 6.000000 5.000000
 450.000000 7084.064535 14.000000 1.000000 7816.000000 6.000000 6.000000 5.000000
 451.000000 7075.248556 15.000000 1.000000 7793.000000 9.000000 4.000000 4.000000
 452.000000 7056.674595 22.000000 1.000000 7791.000000 6.000000 6.000000 5.000000
 453.000000 7098.153019 15.000000 1.000000 7822.000000 7.000000 5.000000 5.000000
 454.000000 7032.446108 15.972182 1.000000 7792.000000 5.000000 5.000000 5.000000
 455.000000 7052.916093 13.000000 1.000000 7802.000000 8.000000 5.000000 4.000000
 456.000000 7042.672876 12.000000 1.000000 7751.000000 6.000000 4.000000 4.000000
 457.000000 7048.014205 14.000000 1.000000 7748.000000 6.000000 5.000000 5.000000
 458.000000 7063.633494 20.000000 2.000000 7760.000000 7.000000 6.000000 6.000000
 459.000000 7071.999703 15.000000 1.000000 7779.000000 7.000000 5.000000 5.000000
 460.000000 7109.559430 13.000000 1.000000 7801.000000 7.000000 7.000000 7.000000
 461.000000 7110.079816 10.000000 1.000000 7816.000000 9.000000 6.000000 5.000000
 462.000000 7117.598144 14.000000 1.000000 7806.000000 5.000000 5.000000 5.000000
 463.000000 7081.395775 9.000000 1.000000 7809.000000 6.000000 5.000000 5.000000
 464.000000 7113.271753 14.000000 1.000000 7824.000000 5.000000 5.000000 5.000000
 465.000000 7095.596357 11.000000 1.000000 7792.000000 8.000000 5.000000 4.000000
 466.000000 7096.584994 10.000000 1.000000 7777.000000 6.000000 5.000000 5.000000
 467.000000 7075.300307 19.000000 1.000000 7771.000000 5.000000 5.000000 5.000000
 468.000000 7084.866615 19.000000 1.000000 7796.000000 7.000000 5.000000 4.000000
 469.000000 7104.163515 14.000000 1.000000 7807.000000 6.000000 5.000000 5.000000
 470.000000 7073.199973 15.000000 1.000000 7767.000000 7.000000 5.000000 5.000000
 471.000000 7067.580936 18.000000 2.000000 7784.000000 7.000000 7.000000 5.000000
 472.000000 7073.037916 16.000000 1.000000 7790.000000 9.000000 6.000000 6.000000
 473.000000 7045.306403 14.000000 1.000000 7755.000000 6.000000 5.000000 5.000000
 474.000000 7043.852329 13.824281 1.000000 7792.000000 6.000000 5.000000 4.000000
 475.000000 7099.351909 20.000000 2.000000 7806.000000 9.000000 7.000000 5.000000
 476.000000 7073.451640 20.000000 1.000000 7781.000000 8.000000 8.000000 5.000000
 477.000000 7063.933596 18.000000 1.000000 7826.000000 6.000000 6.000000 5.000000
 478.000000 7046.862620 14.062165 1.000000 7763.000000 6.000000 5.000000 5.000000
 479.000000 7048.899302 21.927877 1.000000 7758.000000 6.000000 5.000000 5.000000
 480.000000 7049.862220 18.000000 1.000000 7787.000000 5.000000 5.000000 4.000000
 481.000000 7055.151280 10.000000 1.000000 7782.000000 11.000000 6.000000 4.000000
 482.000000 7064.062527 23.000000 1.000000 7785.000000 7.000000 5.000000 5.000000
 483.000000 7100.603628 17.000000 1.000000 7804.000000 6.000000 5.000000 5.000000
 484.000000 7061.151072 18.000000 1.000000 7798.000000 6.000000 5.000000 4.000000
 485.000000 7076.212227 18.000000 1.000000 7785.000000 9.000000 6.000000 5.000000
 486.000000 7070.228447 18.000000 1.000000 7786.000000 6.000000 5.000000 5.000000
 487.000000 7070.449673 17.000000 1.000000 7781.000000 7.000000 5.000000 5.000000
 488.000000 7090.387722 22.000000 1.000000 7778.000000 6.000000 6.000000 5.000000
 489.000000 7075.907259 19.000000 1.000000 7798.000000 6.000000 6.000000 6.000000
 490.000000 7079.149586 12.000000 1.000000 7779.000000 8.000000 5.000000 5.000000
 491.000000 7046.308046 19.000000 1.000000 7787.000000 6.000000 6.000000 6.000000
 492.000000 7024.270941 22.000000 1.000000 7738.000000 6.000000 5.000000 5.000000
 493.000000 7012.198344 20.142563 1.000000 7724.000000 6.000000 5.000000 5.000000
 494.000000 7049.254402 17.000000 1.000000 7713.000000 7.000000 6.000000 6.000000
 495.000000 7030.611606 12.892712 1.000000 7754.000000 6.000000 5.000000 5.000000
 496.000000 7035.321606 9.000000 1.000000 7740.000000 5.000000 5.000000 4.000000
 497.000000 6983.874007 14.000000 1.000000 7721.000000 5.000000 4.000000 4.000000
 498.000000 7034.013019 17.000000 1.000000 7719.000000 8.000000 8.000000 7.000000
 499.000000 7043.444594 14.995117 1.000000 7766.000000 5.000000 5.000000 5.000000
 500.000000 7069.326465 15.000000 1.000000 7779.000000 6.000000 5.000000 5.000000
 501.000000 7003.852752 22.999557 1.000000 7721.000000 7.000000 7.000000 5.000000
 502.000000 7078.620426 20.000000 1.000000 7787.000000 9.000000 7.000000 6.000000
 503.000000 7084.843829 14.000000 1.000000 7848.000000 5.000000 5.000000 5.000000
 504.000000 7084.832168 15.500790 1.000000 7817.000000 6.000000 6.000000 5.000000
 505.000000 7103.673214 17.000000 1.000000 7810.000000 6.000000 6.000000 5.000000
 506.000000 7128.090276 16.000000 1.000000 7836.000000 6.000000 5.000000 5.000000
 507.000000 7107.724065 16.000000 1.000000 7832.000000 6.000000 5.000000 5.000000
 508.000000 7142.684005 16.000000 1.000000 7833.000000 5.000000 4.000000 4.000000
 509.000000 7139.870131 13.000000 1.000000 7850.000000 7.000000 6.000000 6.000000
 510.000000 7110.643586 18.000000 1.000000 7831.000000 6.000000 5.000000 5.000000
 511.000000 7119.702999 10.000000 1.000000 7828.000000 6.000000 6.000000 4.000000
 512.000000 7097.590249 11.000000 1.000000 7800.000000 6.000000 4.000000 4.000000
 513.000000 7085.762359 18.000000 2.000000 7782.000000 7.000000 5.000000 5.000000
 514.000000 7058.152872 17.000000 1.000000 7791.000000 6.000000 5.000000 4.000000
 515.000000 7115.243553 12.000000 1.000000 7839.000000 9.000000 6.000000 6.000000
 516.000000 7145.812840 15.000000 1.000000 7843.000000 6.000000 5.000000 5.000000
 517.000000 7082.758175 17.000000 1.000000 7843.000000 6.000000 5.000000 5.000000
 518.000000 7070.587497 16.000000 1.000000 7774.000000 7.000000 7.000000 6.000000
 519.000000 7089.404517 22.000000 1.000000 7761.000000 6.000000 5.000000 5.000000
 520.000000 7074.325110 23.000000 1.000000 7773.000000 6.000000 6.000000 5.000000
 521.000000 7075.274301 18.000000 2.000000 7744.000000 8.000000 6.000000 5.000000
 522.000000 7087.901249 20.000000 1.000000 7798.000000 6.000000 6.000000 5.000000
 523.000000 7092.489788 18.553742 1.000000 7803.000000 6.000000 5.000000 5.000000
 524.000000 7115.946205 16.000000 1.000000 7824.000000 6.000000 6.000000 5.000000
 525.000000 7075.302011 18.000000 1.000000 7782.000000 7.000000 6.000000 6.000000
 526.000000 7107.227324 14.000000 1.000000 7795.000000 6.000000 6.000000 5.000000
 527.000000 7090.989368 17.000000 1.000000 7801.000000 6.000000 5.000000 5.000000
 528.000000 7093.283118 25.000000 1.000000 7777.000000 6.000000 6.000000 5.000000
 529.000000 7048.742176 7.000000 1.000000 7778.000000 4.000000 4.000000 4.000000
 530.000000 7059.989684 23.000000 1.000000 7782.000000 7.000000 5.000000 5.000000
 531.000000 7083.365345 15.000000 1.000000 7781.000000 6.000000 5.000000 5.000000
 532.000000 7101.020079 19.000000 1.000000 7821.000000 6.000000 5.000000 5.000000
 533.000000 7094.831075 15.000000 1.000000 7819.000000 8.000000 6.000000 5.000000
 534.000000 7081.210937 21.000000 1.000000 7778.000000 6.000000 5.000000 5.000000
 535.000000 7071.675096 16.000000 1.000000 7751.000000 6.000000 6.000000 5.000000
 536.000000 7064.424905 12.949412 1.000000 7719.000000 5.000000 5.000000 4.000000
 537.000000 7074.555253 19.000000 1.000000 7759.000000 5.000000 5.000000 5.000000
 538.000000 7123.688837 12.000000 1.000000 7803.000000 5.000000 5.000000 5.000000
 539.000000 7076.487050 9.000000 1.000000 7811.000000 7.000000 7.000000 6.000000
 540.000000 7091.363726 14.000000 1.000000 7815.000000 6.000000 5.000000 5.000000
 541.000000 7088.226897 14.565387 1.000000 7833.000000 6.000000 5.000000 5.000000
 542.000000 7108.542785 17.000000 1.000000 7812.000000 6.000000 5.000000 5.000000
 543.000000 7125.033995 16.000000 1.000000 7833.000000 5.000000 4.000000 4.000000
 544.000000 7119.219579 18.618793 1.000000 7826.000000 7.000000 6.000000 5.000000
 545.000000 7127.902183 10.000000 1.000000 7852.000000 5.000000 4.000000 4.000000
 546.000000 7096.725582 17.000000 1.000000 7844.000000 6.000000 5.000000 5.000000
 547.000000 7162.448208 14.984493 1.000000 7848.000000 7.000000 7.000000 5.000000
 548.000000 7120.612388 16.000000 1.000000 7849.000000 5.000000 5.000000 5.000000
 549.000000 7137.759656 13.000000 1.000000 7832.000000 8.000000 6.000000 5.000000
 550.000000 7181.369785 18.000000 1.000000 7884.000000 5.000000 5.000000 5.000000
 551.000000 7187.409171 16.000000 1.000000 7888.000000 6.000000 6.000000 6.000000
 552.000000 7144.161044 14.988550 1.000000 7856.000000 6.000000 5.000000 5.000000
 553.000000 7153.006795 14.000000 1.000000 7860.000000 5.000000 5.000000 4.000000
 554.000000 7120.210126 16.000000 1.000000 7838.000000 5.000000 5.000000 5.000000
 555.000000 7108.399332 15.000000 1.000000 7835.000000 6.000000 5.000000 5.000000
 556.000000 7142.496628 21.000000 1.000000 7844.000000 6.000000 5.000000 5.000000
 557.000000 7096.195687 19.000000 1.000000 7819.000000 5.000000 5.000000 5.000000
 558.000000 7091.073946 13.000000 1.000000 7825.000000 6.000000 6.000000 5.000000
 559.000000 7131.347579 18.000000 1.000000 7852.000000 7.000000 6.000000 5.000000
 560.000000 7127.881055 16.000000 1.000000 7868.000000 5.000000 5.000000 5.000000
 561.000000 7133.264474 19.000000 1.000000 7849.000000 8.000000 7.000000 7.000000
 562.000000 7057.986179 17.000000 1.000000 7802.000000 5.000000 4.000000 4.000000
 563.000000 7107.439174 13.000000 1.000000 7795.000000 5.000000 5.000000 5.000000
 564.000000 7101.621387 13.000000 1.000000 7818.000000 6.000000 5.000000 4.000000
 565.000000 7072.052932 14.000000 1.000000 7769.000000 5.000000 5.000000 5.000000
 566.000000 7045.320810 14.000000 1.000000 7771.000000 6.000000 5.000000 5.000000
 567.000000 7068.658908 10.000000 1.000000 7779.000000 6.000000 6.000000 5.000000
 568.000000 7090.810685 15.000000 1.000000 7793.000000 6.000000 5.000000 5.000000
 569.000000 7064.820325 14.000000 1.000000 7787.000000 5.000000 5.000000 5.000000
 570.000000 7121.935198 18.000000 1.000000 7798.000000 4.000000 4.000000 4.000000
 571.000000 7101.598739 17.000000 1.000000 7796.000000 5.000000 5.000000 5.000000
 572.000000 7085.960948 18.000000 1.000000 7806.000000 7.000000 5.000000 5.000000
 573.000000 7072.264640 11.000000 1.000000 7808.000000 7.000000 7.000000 5.000000
 574.000000 7063.499316 12.498772 1.000000 7776.000000 8.000000 7.000000 6.000000
 575.000000 7041.534628 18.000000 1.000000 7761.000000 6.000000 6.000000 6.000000
 576.000000 7048.341361 14.000000 2.000000 7742.000000 7.000000 6.000000 6.000000
 577.000000 7052.459639 19.000000 2.000000 7768.000000 9.000000 9.000000 8.000000
 578.000000 7111.225734 17.997242 2.000000 7793.000000 9.000000 6.000000 5.000000
 579.000000 7103.556934 18.000000 1.000000 7797.000000 7.000000 6.000000 6.000000
 580.000000 7111.544480 16.000000 1.000000 7822.000000 5.000000 5.000000 5.000000
 581.000000 7141.252354 14.115264 1.000000 7853.000000 9.000000 8.000000 7.000000
 582.000000 7161.582594 19.000000 1.000000 7868.000000 7.000000 6.000000 6.000000
 583.000000 7131.876358 20.000000 1.000000 7848.000000 6.000000 6.000000 5.000000
 584.000000 7130.857213 16.000000 1.000000 7861.000000 6.000000 5.000000 5.000000
 585.000000 7175.940373 11.850002 1.000000 7872.000000 8.000000 7.000000 4.000000
 586.000000 7137.795334 18.000000 1.000000 7877.000000 7.000000 7.000000 7.000000
 587.000000 7131.170007 22.000000 1.000000 7855.000000 7.000000 7.000000 6.000000
 588.000000 7110.805716 22.067012 1.000000 7863.000000 7.000000 6.000000 6.000000
 589.000000 7136.684941 18.000000 1.000000 7870.000000 5.000000 5.000000 5.000000
 590.000000 7170.846233 21.000000 1.000000 7872.000000 8.000000 7.000000 5.000000
 591.000000 7139.692451 15.000000 1.000000 7837.000000 5.000000 5.000000 4.000000
 592.000000 7114.790204 18.000000 1.000000 7833.000000 5.000000 5.000000 5.000000
 593.000000 7100.051016 11.000000 1.000000 7826.000000 6.000000 6.000000 5.000000
 594.000000 7065.283810 22.000000 1.000000 7785.000000 6.000000 6.000000 5.000000
 595.000000 7048.820544 12.000000 1.000000 7771.000000 6.000000 6.000000 5.000000
 596.000000 7074.009611 11.401329 1.000000 7766.000000 7.000000 5.000000 5.000000
 597.000000 7064.006704 13.000000 1.000000 7784.000000 6.000000 6.000000 6.000000
 598.000000 7088.526617 18.000000 2.000000 7816.000000 11.000000 6.000000 6.000000
 599.000000 7077.672036 13.000000 1.000000 7814.000000 7.000000 6.000000 6.000000
 600.000000 7133.606184 17.418105 2.000000 7801.000000 10.000000 9.000000 6.000000
 601.000000 7071.759005 18.000000 1.000000 7811.000000 6.000000 5.000000 5.000000
 602.000000 7063.769570 12.000000 1.000000 7785.000000 5.000000 4.000000 4.000000
 603.000000 7061.113369 20.998935 1.000000 7764.000000 6.000000 6.000000 6.000000
 604.000000 7044.648882 15.712125 1.000000 7778.000000 8.000000 5.000000 5.000000
 605.000000 7072.729648 16.000000 1.000000 7798.000000 5.000000 5.000000 5.000000
 606.000000 7054.347301 12.000000 1.000000 7744.000000 5.000000 5.000000 5.000000
 607.000000 7070.850053 18.000000 1.000000 7788.000000 5.000000 5.000000 5.000000
 608.000000 7073.985647 25.000000 1.000000 7763.000000 6.000000 6.000000 5.000000
 609.000000 7078.219152 23.000000 1.000000 7791.000000 6.000000 6.000000 6.000000
 610.000000 7075.237236 12.000000 1.000000 7779.000000 8.000000 5.000000 5.000000
 611.000000 7041.788191 14.000000 1.000000 7762.000000 8.000000 7.000000 6.000000
 612.000000 7054.785274 16.000000 1.000000 7759.000000 8.000000 7.000000 5.000000
 613.000000 7047.005387 17.745953 1.000000 7770.000000 7.000000 5.000000 5.000000
 614.000000 7017.442664 15.000000 2.000000 7742.000000 7.000000 6.000000 6.000000
 615.000000 7030.318028 20.000000 1.000000 7749.000000 6.000000 6.000000 5.000000
 616.000000 7057.298652 7.000000 1.000000 7758.000000 7.000000 6.000000 6.000000
 617.000000 7075.702114 14.000000 1.000000 7770.000000 5.000000 5.000000 5.000000
 618.000000 7113.603734 22.000000 1.000000 7778.000000 10.000000 6.000000 6.000000
 619.000000 7094.312308 13.000000 1.000000 7770.000000 5.000000 5.000000 5.000000
 620.000000 7080.969138 19.962357 1.000000 7779.000000 7.000000 7.000000 5.000000
 621.000000 7095.947231 11.000000 1.000000 7787.000000 5.000000 5.000000 5.000000
 622.000000 7119.951833 22.993561 1.000000 7825.000000 5.000000 5.000000 5.000000
 623.000000 7148.765649 12.000000 1.000000 7815.000000 7.000000 6.000000 6.000000
 624.000000 7138.246815 19.499338 1.000000 7857.000000 6.000000 5.000000 5.000000
 625.000000 7109.750044 18.000000 1.000000 7810.000000 6.000000 6.000000 6.000000
 626.000000 7121.213908 11.000000 1.000000 7821.000000 7.000000 5.000000 5.000000
 627.000000 7149.989897 18.000000 1.000000 7842.000000 6.000000 6.000000 5.000000
 628.000000 7121.582259 16.000000 1.000000 7809.000000 5.000000 5.000000 4.000000
 629.000000 7108.101697 14.000000 1.000000 7814.000000 5.000000 5.000000 5.000000
 630.000000 7142.149516 15.652596 1.000000 7836.000000 5.000000 5.000000 4.000000
 631.000000 7111.901015 22.000000 1.000000 7828.000000 8.000000 8.000000 6.000000
 632.000000 7139.601939 9.000000 1.000000 7835.000000 5.000000 4.000000 4.000000
 633.000000 7135.684397 9.000000 1.000000 7839.000000 5.000000 5.000000 4.000000
 634.000000 7113.445133 8.000000 1.000000 7812.000000 6.000000 5.000000 4.000000
 635.000000 7071.722007 13.000000 1.000000 7780.000000 5.000000 5.000000 4.000000
 636.000000 7110.951398 19.000000 1.000000 7830.000000 6.000000 6.000000 6.000000
 637.000000 7137.396234 12.000000 1.000000 7843.000000 7.000000 6.000000 6.000000
 638.000000 7132.516803 13.000000 1.000000 7834.000000 8.000000 7.000000 6.000000
 639.000000 7118.064165 12.000000 1.000000 7823.000000 7.000000 6.000000 5.000000
 640.000000 7092.849593 23.000000 1.000000 7840.000000 10.000000 7.000000 6.000000
 641.000000 7176.249214 17.000000 1.000000 7883.000000 6.000000 5.000000 5.000000
 642.000000 7175.029232 13.000000 2.000000 7899.000000 8.000000 7.000000 6.000000
 643.000000 7134.194341 20.000000 1.000000 7851.000000 7.000000 5.000000 5.000000
 644.000000 7116.664374 23.000000 1.000000 7866.000000 5.000000 5.000000 5.000000
 645.000000 7153.426340 15.000000 1.000000 7852.000000 5.000000 5.000000 5.000000
 646.000000 7141.899666 12.000000 1.000000 7841.000000 7.000000 6.000000 5.000000
 647.000000 7169.176674 18.000000 1.000000 7866.000000 6.000000 6.000000 5.000000
 648.000000 7149.436805 16.000000 1.000000 7820.000000 6.000000 5.000000 5.000000
 649.000000 7067.417119 15.000000 1.000000 7789.000000 7.000000 5.000000 5.000000
 650.000000 7110.088412 11.000000 1.000000 7808.000000 8.000000 7.000000 6.000000
 651.000000 7137.901285 9.000000 1.000000 7837.000000 7.000000 5.000000 5.000000
 652.000000 7125.717564 16.000000 1.000000 7857.000000 6.000000 6.000000 5.000000
 653.000000 7170.971924 18.000000 1.000000 7872.000000 6.000000 6.000000 5.000000
 654.000000 7178.181193 18.000000 2.000000 7921.000000 7.000000 6.000000 6.000000
 655.000000 7173.076372 21.000000 1.000000 7908.000000 6.000000 6.000000 5.000000
 656.000000 7179.103685 17.000000 1.000000 7880.000000 5.000000 5.000000 4.000000
 657.000000 7167.521963 15.999034 1.000000 7877.000000 7.000000 6.000000 5.000000
 658.000000 7173.740258 22.000000 1.000000 7862.000000 7.000000 7.000000 5.000000
 659.000000 7134.466691 20.000000 1.000000 7818.000000 6.000000 6.000000 5.000000
 660.000000 7164.432936 9.000000 1.000000 7877.000000 5.000000 5.000000 4.000000
 661.000000 7160.250384 15.000000 1.000000 7895.000000 8.000000 5.000000 4.000000
 662.000000 7189.394374 13.917652 1.000000 7882.000000 6.000000 5.000000 5.000000
 663.000000 7152.988507 12.000000 1.000000 7870.000000 10.000000 5.000000 5.000000
 664.000000 7147.524589 16.000000 1.000000 7862.000000 7.000000 6.000000 6.000000
 665.000000 7129.815967 11.000000 1.000000 7859.000000 5.000000 5.000000 5.000000
 666.000000 7162.490218 9.000000 1.000000 7880.000000 6.000000 5.000000 5.000000
 667.000000 7123.748092 11.000000 1.000000 7858.000000 5.000000 4.000000 4.000000
 668.000000 7131.858736 19.663534 1.000000 7851.000000 8.000000 5.000000 5.000000
 669.000000 7104.755664 17.000000 1.000000 7800.000000 5.000000 5.000000 5.000000
 670.000000 7073.456408 11.000000 1.000000 7808.000000 7.000000 5.000000 5.000000
 671.000000 7097.503473 12.000000 1.000000 7810.000000 8.000000 7.000000 7.000000
 672.000000 7076.522395 14.000000 1.000000 7805.000000 6.000000 6.000000 6.000000
 673.000000 7051.973254 11.944108 1.000000 7750.000000 6.000000 6.000000 6.000000
 674.000000 7025.381449 21.000000 1.000000 7713.000000 5.000000 5.000000 5.000000
 675.000000 6999.093209 13.000000 1.000000 7717.000000 6.000000 5.000000 5.000000
 676.000000 6983.410983 19.000000 1.000000 7715.000000 7.000000 7.000000 5.000000
 677.000000 6988.179498 13.000000 1.000000 7701.000000 6.000000 5.000000 5.000000
 678.000000 7006.455078 16.000000 1.000000 7719.000000 6.000000 5.000000 5.000000
 679.000000 7020.555032 21.000000 1.000000 7730.000000 6.000000 5.000000 5.000000
 680.000000 7051.766214 20.000000 1.000000 7758.000000 7.000000 6.000000 6.000000
 681.000000 7051.838912 12.000000 1.000000 7759.000000 6.000000 5.000000 5.000000
 682.000000 7040.022553 21.051069 1.000000 7772.000000 7.000000 5.000000 5.000000
 683.000000 7032.477036 17.000000 1.000000 7724.000000 5.000000 5.000000 5.000000
 684.000000 7031.700901 19.000000 1.000000 7725.000000 6.000000 6.000000 5.000000
 685.000000 6989.848122 19.000000 1.000000 7714.000000 9.000000 7.000000 7.000000
 686.000000 7005.257424 20.705314 1.000000 7708.000000 6.000000 5.000000 5.000000
 687.000000 7005.037521 21.000000 1.000000 7681.000000 7.000000 6.000000 6.000000
 688.000000 7008.736827 22.000000 1.000000 7714.000000 7.000000 6.000000 5.000000
 689.000000 6997.647060 15.000000 1.000000 7740.000000 5.000000 5.000000 5.000000
 690.000000 7026.152873 15.461616 1.000000 7736.000000 7.000000 7.000000 5.000000
 691.000000 7020.471878 20.533151 1.000000 7757.000000 6.000000 6.000000 6.000000
 692.000000 7034.347139 14.000000 1.000000 7729.000000 7.000000 6.000000 6.000000
 693.000000 7065.738437 15.212800 1.000000 7741.000000 6.000000 5.000000 5.000000
 694.000000 7025.213163 18.000000 1.000000 7748.000000 7.000000 6.000000 6.000000
 695.000000 7032.463997 22.000000 2.000000 7740.000000 6.000000 5.000000 5.000000
 696.000000 7067.461845 16.000000 1.000000 7768.000000 6.000000 6.000000 5.000000
 697.000000 6969.594619 26.000000 1.000000 7727.000000 6.000000 6.000000 6.000000
 698.000000 7025.747948 19.000000 1.000000 7723.000000 7.000000 6.000000 5.000000
 699.000000 7020.480184 25.919333 1.000000 7731.000000 6.000000 6.000000 5.000000
 700.000000 6971.049133 21.000000 1.000000 7701.000000 7.000000 5.000000 5.000000
 701.000000 7005.566604 24.000000 1.000000 7684.000000 8.000000 7.000000 6.000000
 702.000000 7020.940247 24.786179 1.000000 7704.000000 6.000000 6.000000 5.000000
 703.000000 6948.452493 19.000000 1.000000 7660.000000 6.000000 6.000000 5.000000
 704.000000 6995.272810 21.000000 1.000000 7691.000000 6.000000 6.000000 5.000000
 705.000000 6980.368453 24.000000 1.000000 7670.000000 7.000000 6.000000 6.000000
 706.000000 6995.656985 11.000000 1.000000 7702.000000 7.000000 6.000000 5.000000
 707.000000 6997.177770 16.820471 1.000000 7700.000000 6.000000 6.000000 5.000000
 708.000000 6985.629363 16.000000 1.000000 7688.000000 7.000000 5.000000 5.000000
 709.000000 7007.253666 17.000000 1.000000 7724.000000 6.000000 5.000000 4.000000
 710.000000 7001.252688 15.000000 1.000000 7759.000000 7.000000 6.000000 5.000000
 711.000000 7010.980322 16.000000 1.000000 7725.000000 5.000000 5.000000 5.000000
 712.000000 7016.753016 14.000000 1.000000 7731.000000 6.000000 6.000000 5.000000
 713.000000 7033.587637 10.000000 1.000000 7710.000000 6.000000 5.000000 5.000000
 714.000000 7025.677701 11.000000 1.000000 7741.000000 6.000000 6.000000 5.000000
 715.000000 7036.865060 12.000000 1.000000 7736.000000 5.000000 5.000000 5.000000
 716.000000 7061.252504 25.000000 2.000000 7753.000000 7.000000 6.000000 5.000000
 717.000000 7073.107630 17.000000 1.000000 7748.000000 7.000000 6.000000 6.000000
 718.000000 7049.926216 14.000000 1.000000 7767.000000 6.000000 6.000000 5.000000
 719.000000 7035.977767 18.000000 1.000000 7752.000000 6.000000 5.000000 5.000000
 720.000000 7027.572610 14.000000 1.000000 7718.000000 6.000000 5.000000 5.000000
 721.000000 7004.230651 18.941450 1.000000 7721.000000 7.000000 6.000000 5.000000
 722.000000 7029.638026 22.000000 1.000000 7715.000000 7.000000 6.000000 5.000000
 723.000000 7024.635134 11.000000 1.000000 7752.000000 6.000000 5.000000 5.000000
 724.000000 7015.968601 21.000000 1.000000 7721.000000 5.000000 5.000000 5.000000
 725.000000 7079.852883 9.000000 1.000000 7777.000000 7.000000 6.000000 5.000000
 726.000000 7094.355749 13.000000 1.000000 7808.000000 6.000000 6.000000 5.000000
 727.000000 7069.311612 16.000000 1.000000 7781.000000 6.000000 6.000000 5.000000
 728.000000 7105.125324 13.014092 1.000000 7798.000000 7.000000 6.000000 6.000000
 729.000000 7074.995072 21.000000 1.000000 7778.000000 6.000000 5.000000 5.000000
 730.000000 7096.664905 8.000000 1.000000 7782.000000 6.000000 4.000000 4.000000
 731.000000 7024.004076 17.229367 1.000000 7761.000000 6.000000 5.000000 5.000000
 732.000000 7046.794045 18.000000 1.000000 7757.000000 6.000000 6.000000 6.000000
 733.000000 7050.473649 22.000000 1.000000 7763.000000 7.000000 6.000000 5.000000
 734.000000 7054.918887 13.000000 1.000000 7781.000000 5.000000 4.000000 4.000000
 735.000000 7084.209048 17.732511 1.000000 7794.000000 5.000000 5.000000 5.000000
 736.000000 7078.031551 15.000000 1.000000 7827.000000 5.000000 5.000000 4.000000
 737.000000 7045.079284 10.000000 1.000000 7799.000000 5.000000 5.000000 4.000000
 738.000000 7087.724244 15.000000 1.000000 7808.000000 6.000000 5.000000 5.000000
 739.000000 7155.335885 12.000000 2.000000 7869.000000 9.000000 6.000000 4.000000
 740.000000 7111.071442 12.000000 1.000000 7863.000000 6.000000 5.000000 4.000000
 741.000000 7159.580766 8.000000 1.000000 7852.000000 5.000000 5.000000 4.000000
 742.000000 7149.086546 12.000000 1.000000 7859.000000 9.000000 5.000000 5.000000
