#! FIELDS z dens.dens ddens.dens_z
#! SET normalisation  200.000000
#! SET min_z -14
#! SET max_z 14
#! SET nbins_z  100
#! SET periodic_z true
 -14.000000 111.903481 10.306340
 -13.720000 106.147578 -41.873421
 -13.440000 100.327896 -23.976290
 -13.160000 91.664642 -13.831208
 -12.880000 84.431364 -4.832923
 -12.600000 80.524341 -37.567059
 -12.320000 75.880169 -21.861503
 -12.040000 71.924346 23.094702
 -11.760000 67.314580 -23.576763
 -11.480000 63.708821 -32.144884
 -11.200000 60.822989 -13.991055
 -10.920000 58.949844 8.336447
 -10.640000 54.468383 -43.779720
 -10.360000 49.883499 -23.811142
 -10.080000 43.593402 -19.398475
 -9.800000 25.154816 -242.876898
 -9.520000 9.655494 -12.564558
 -9.240000 8.898543 11.356780
 -8.960000 8.927222 -8.128497
 -8.680000 8.134537 11.475104
 -8.400000 8.204088 2.883344
 -8.120000 7.416375 -0.698685
 -7.840000 7.289951 -3.109741
 -7.560000 7.400640 0.185529
 -7.280000 7.394758 -12.640817
 -7.000000 7.170735 -9.041606
 -6.720000 7.019762 -2.922841
 -6.440000 6.629837 2.632579
 -6.160000 7.726086 6.788275
 -5.880000 6.617628 -1.529679
 -5.600000 6.971530 2.205255
 -5.320000 6.406743 -0.152909
 -5.040000 6.380534 7.906954
 -4.760000 5.796026 -3.445481
 -4.480000 5.880670 -3.012028
 -4.200000 5.374092 1.158137
 -3.920000 5.590794 -3.467743
 -3.640000 4.645914 -1.615642
 -3.360000 5.591269 4.034252
 -3.080000 5.310090 1.268512
 -2.800000 4.934231 0.307410
 -2.520000 5.424634 8.009837
 -2.240000 4.685075 -1.919683
 -1.960000 4.446346 1.478499
 -1.680000 4.933009 7.105558
 -1.400000 4.490870 0.147207
 -1.120000 4.043923 -2.854881
 -0.840000 4.935266 -0.955366
 -0.560000 4.478719 1.223362
 -0.280000 4.706645 4.565767
 0.000000 4.413902 9.214727
 0.280000 3.850799 -1.142147
 0.560000 4.084679 7.163002
 0.840000 4.535273 7.150764
 1.120000 3.361358 2.623294
 1.400000 4.079311 9.237151
 1.680000 3.711648 0.163855
 1.960000 4.293405 6.115022
 2.240000 3.518183 -2.817606
 2.520000 3.561877 9.727696
 2.800000 3.993642 -4.964580
 3.080000 3.483450 -7.798971
 3.360000 4.129005 3.823676
 3.640000 3.546834 0.249022
 3.920000 3.211969 -6.817722
 4.200000 3.446146 -1.048864
 4.480000 3.443134 -12.199376
 4.760000 3.678175 1.362127
 5.040000 3.627595 0.067240
 5.320000 2.823215 -3.731209
 5.600000 2.925753 -4.219918
 5.880000 3.228272 2.432939
 6.160000 2.987837 2.919492
 6.440000 3.182393 3.162319
 6.720000 2.786438 2.021108
 7.000000 2.602863 -1.742270
 7.280000 3.006167 -3.372217
 7.560000 3.128933 0.754950
 7.840000 2.781148 -6.137622
 8.120000 2.835323 -2.651804
 8.400000 2.450938 -1.210136
 8.680000 2.175278 -5.695819
 8.960000 3.001017 3.052841
 9.240000 2.336498 6.943939
 9.520000 3.413471 9.020130
 9.800000 62.200482 979.777054
 10.080000 122.299072 91.402327
 10.360000 151.889144 22.593669
 10.640000 159.786251 57.789499
 10.920000 159.984019 11.696451
 11.200000 160.062432 -2.930584
 11.480000 160.197858 52.977250
 11.760000 157.127813 -37.186386
 12.040000 153.030055 23.829140
 12.320000 145.307468 -26.263771
 12.600000 143.489322 3.197400
 12.880000 134.922345 7.014729
 13.160000 129.409222 -45.032039
 13.440000 125.968744 -37.065773
 13.720000 118.344670 -35.331450
