#! FIELDS z dens.dens ddens.dens_z
#! SET normalisation  4500.000000
#! SET min_z -14
#! SET max_z 14
#! SET nbins_z  100
#! SET periodic_z true
 -14.000000 91.979016 -22.450691
 -13.720000 86.065916 -26.578568
 -13.440000 80.178104 -19.471138
 -13.160000 75.536767 -20.893458
 -12.880000 71.304942 -11.946758
 -12.600000 67.148398 -6.365456
 -12.320000 62.798363 -16.406569
 -12.040000 58.947007 -16.714811
 -11.760000 56.277394 -9.459298
 -11.480000 52.989680 -8.104699
 -11.200000 50.270384 -13.188888
 -10.920000 47.446835 -4.086084
 -10.640000 44.706189 -10.197507
 -10.360000 42.164477 -9.603425
 -10.080000 38.375775 -15.736202
 -9.800000 30.982265 -77.885032
 -9.520000 26.116196 -6.657419
 -9.240000 24.596873 -1.734872
 -8.960000 23.827498 -1.030851
 -8.680000 22.781380 -3.005086
 -8.400000 22.134562 -5.194858
 -8.120000 21.045821 -3.411730
 -7.840000 20.460598 -6.064681
 -7.560000 19.633606 -4.819368
 -7.280000 19.349583 -5.557407
 -7.000000 18.623160 -0.516005
 -6.720000 18.008530 -1.254593
 -6.440000 17.549491 -4.658101
 -6.160000 16.567516 -4.307741
 -5.880000 16.034526 -2.215207
 -5.600000 15.800682 -0.749684
 -5.320000 14.889728 0.181291
 -5.040000 14.585165 -2.013553
 -4.760000 14.132852 -7.437238
 -4.480000 13.654194 -2.593319
 -4.200000 13.107048 -0.828358
 -3.920000 12.536030 -1.843645
 -3.640000 12.158209 -2.849590
 -3.360000 11.781845 0.046513
 -3.080000 11.300308 -0.686397
 -2.800000 11.052100 -3.658696
 -2.520000 10.556892 0.295862
 -2.240000 10.351650 0.302705
 -1.960000 10.121393 1.965788
 -1.680000 9.558457 -1.167756
 -1.400000 9.267960 -0.995212
 -1.120000 8.828447 0.546194
 -0.840000 8.692903 -0.917757
 -0.560000 8.263689 -0.683208
 -0.280000 8.191853 -0.247763
 0.000000 7.792602 0.185458
 0.280000 7.490452 -1.915214
 0.560000 7.318066 -1.700165
 0.840000 7.220707 1.851561
 1.120000 6.858605 -0.542780
 1.400000 6.439935 -2.237069
 1.680000 6.390998 -1.706781
 1.960000 6.093614 -3.504086
 2.240000 6.032655 -1.954924
 2.520000 5.693823 -1.421552
 2.800000 5.590288 -0.310822
 3.080000 5.380566 -0.833626
 3.360000 5.223185 0.150857
 3.640000 5.009950 -1.237198
 3.920000 4.666751 -1.929087
 4.200000 4.680106 -0.302027
 4.480000 4.650877 1.801602
 4.760000 4.411212 -1.035101
 5.040000 4.138815 -0.612720
 5.320000 4.056503 -2.155186
 5.600000 4.015228 -0.085571
 5.880000 3.829822 1.857356
 6.160000 3.672617 0.325863
 6.440000 3.489985 -0.452300
 6.720000 3.524178 -1.546335
 7.000000 3.279762 -0.960045
 7.280000 3.220366 -0.060212
 7.560000 3.034878 -0.145192
 7.840000 2.917734 -1.502771
 8.120000 2.788139 -0.613636
 8.400000 2.789658 0.042102
 8.680000 2.664283 -1.695919
 8.960000 2.512350 -0.037304
 9.240000 2.633754 0.033127
 9.520000 3.718771 6.698829
 9.800000 61.533619 965.641413
 10.080000 121.729653 109.540531
 10.360000 148.291537 17.479742
 10.640000 156.305307 12.070822
 10.920000 156.955342 -3.696977
 11.200000 155.154213 -14.911951
 11.480000 151.628902 -10.279907
 11.760000 146.102677 -14.882517
 12.040000 140.068204 -30.331043
 12.320000 134.093989 -18.448544
 12.600000 126.617803 -17.214552
 12.880000 119.666933 -27.400742
 13.160000 112.389713 -28.855029
 13.440000 104.590242 -30.067208
 13.720000 98.292697 -23.628191
