#! FIELDS z dens.dens ddens.dens_z
#! SET normalisation  700.000000
#! SET min_z -14
#! SET max_z 14
#! SET nbins_z  100
#! SET periodic_z true
 -14.000000 88.543374 -11.306961
 -13.720000 82.012491 -30.007260
 -13.440000 74.280065 -19.178024
 -13.160000 66.729495 -17.386966
 -12.880000 59.611967 -32.138966
 -12.600000 55.314758 -7.274164
 -12.320000 50.261424 -2.464173
 -12.040000 47.565758 -20.103793
 -11.760000 44.196656 -11.066343
 -11.480000 41.642122 4.496270
 -11.200000 38.713010 -7.506053
 -10.920000 36.261237 -14.120093
 -10.640000 34.415893 -8.480404
 -10.360000 30.948845 -22.021388
 -10.080000 27.808148 -10.411825
 -9.800000 20.772201 -83.395733
 -9.520000 16.438323 -6.003777
 -9.240000 15.280818 -2.951861
 -8.960000 15.414946 -0.438798
 -8.680000 14.603447 5.347839
 -8.400000 13.372522 -5.092281
 -8.120000 13.653853 -0.750046
 -7.840000 13.351404 -4.860029
 -7.560000 13.083235 -3.683460
 -7.280000 12.578031 -10.540466
 -7.000000 12.535182 1.584822
 -6.720000 12.043260 5.420043
 -6.440000 11.114210 -2.047703
 -6.160000 11.455737 -11.213801
 -5.880000 10.731272 -4.351320
 -5.600000 10.268657 -3.956996
 -5.320000 10.306205 3.519696
 -5.040000 9.676042 -6.845475
 -4.760000 9.517077 0.201775
 -4.480000 9.403059 -0.812683
 -4.200000 9.028630 -1.335256
 -3.920000 8.910442 1.390051
 -3.640000 8.266919 -0.921807
 -3.360000 8.073084 -1.931292
 -3.080000 8.542719 2.659831
 -2.800000 8.112192 -1.460059
 -2.520000 7.505857 3.344578
 -2.240000 7.880063 -0.712553
 -1.960000 7.265658 0.675582
 -1.680000 7.286142 -5.004520
 -1.400000 6.736954 -3.793881
 -1.120000 6.517826 1.570808
 -0.840000 6.295272 0.104151
 -0.560000 6.549145 2.244604
 -0.280000 5.806313 2.441111
 0.000000 5.635411 1.432066
 0.280000 5.754234 2.859858
 0.560000 5.359746 -0.476265
 0.840000 5.454798 -1.333672
 1.120000 5.202688 0.757020
 1.400000 5.426072 -5.350310
 1.680000 4.738718 0.146228
 1.960000 4.609842 0.669474
 2.240000 4.459572 -1.010087
 2.520000 4.573744 0.882352
 2.800000 4.113785 -1.683858
 3.080000 4.451857 2.908393
 3.360000 4.299451 1.745272
 3.640000 3.663337 0.554980
 3.920000 3.315975 0.378606
 4.200000 3.692250 1.013344
 4.480000 3.435227 0.466557
 4.760000 3.129360 -0.917397
 5.040000 3.435281 -3.625398
 5.320000 3.261821 1.957883
 5.600000 3.285473 -4.639485
 5.880000 3.185783 -1.977817
 6.160000 3.238242 0.604295
 6.440000 3.065261 0.887396
 6.720000 3.032000 -1.624592
 7.000000 2.711341 -1.156965
 7.280000 2.522503 -0.027362
 7.560000 2.799960 1.730234
 7.840000 2.672892 0.303666
 8.120000 2.638944 -1.561630
 8.400000 2.361981 -2.313282
 8.680000 2.596856 1.544031
 8.960000 2.479221 3.042787
 9.240000 2.687220 -1.397667
 9.520000 4.410657 9.975807
 9.800000 81.478038 1264.966099
 10.080000 148.161585 172.922996
 10.360000 177.004882 21.347523
 10.640000 187.619309 -32.689696
 10.920000 189.525236 -0.512078
 11.200000 185.988299 6.854782
 11.480000 181.548611 13.193186
 11.760000 176.987294 -34.257000
 12.040000 169.388999 -42.628969
 12.320000 162.291133 -37.444365
 12.600000 152.186344 -34.588083
 12.880000 139.211903 -29.698232
 13.160000 126.372871 -50.700058
 13.440000 111.378157 -56.881963
 13.720000 100.389665 -19.504497
