#! FIELDS time bulk.morethan surface.between ratio
 0.000000 0.917346 54.110473 58.985886
 1.000000 52.542449 395.987021 7.536516
 2.000000 44.150513 358.846478 8.127799
 3.000000 51.433039 392.943764 7.639910
 4.000000 88.866366 476.179573 5.358378
 5.000000 111.226393 452.884977 4.071740
 6.000000 116.132598 483.105885 4.159951
 7.000000 150.819779 535.844916 3.552882
 8.000000 185.221843 595.110379 3.212960
 9.000000 203.445295 585.579997 2.878317
 10.000000 220.882955 598.013949 2.707379
 11.000000 284.872047 644.605806 2.262791
 12.000000 326.421190 661.480564 2.026463
 13.000000 369.764391 714.474557 1.932243
 14.000000 416.260584 723.559576 1.738237
 15.000000 488.687049 795.711278 1.628263
 16.000000 552.647814 853.948237 1.545194
 17.000000 628.953837 912.421677 1.450697
 18.000000 678.848639 968.833386 1.427171
 19.000000 740.407804 1005.714395 1.358325
 20.000000 820.826074 1010.165227 1.230669
 21.000000 904.704357 1073.256937 1.186307
 22.000000 982.226837 1128.862115 1.149289
 23.000000 1034.089839 1137.668940 1.100165
 24.000000 1207.951106 1122.683261 0.929411
 25.000000 1253.630113 1196.394689 0.954344
 26.000000 1308.756270 1237.501605 0.945555
 27.000000 1417.331741 1286.861537 0.907947
 28.000000 1451.330675 1276.369203 0.879448
 29.000000 1517.480738 1293.916636 0.852674
 30.000000 1637.930627 1306.119537 0.797421
 31.000000 1709.405308 1347.343096 0.788194
 32.000000 1785.405363 1324.160447 0.741658
 33.000000 1917.787365 1324.267850 0.690519
 34.000000 1982.170763 1435.986747 0.724452
 35.000000 2055.596705 1438.190387 0.699646
 36.000000 2143.940664 1425.734818 0.665007
 37.000000 2203.857608 1511.679641 0.685924
 38.000000 2265.106553 1478.919035 0.652914
 39.000000 2321.214615 1461.813476 0.629762
 40.000000 2479.111929 1460.932507 0.589297
 41.000000 2533.102279 1522.805899 0.601162
 42.000000 2611.578319 1571.629007 0.601793
 43.000000 2649.871804 1553.643792 0.586309
 44.000000 2754.348779 1583.202997 0.574801
 45.000000 2848.485529 1573.720454 0.552476
 46.000000 2881.659514 1571.660247 0.545401
 47.000000 2994.067099 1572.389342 0.525168
 48.000000 3072.104010 1565.987735 0.509744
 49.000000 3127.198107 1600.611617 0.511836
 50.000000 3191.425196 1606.150319 0.503271
 51.000000 3337.382665 1593.200246 0.477380
 52.000000 3324.956814 1609.011889 0.483920
 53.000000 3442.075259 1646.627627 0.478382
 54.000000 3492.151851 1617.421914 0.463159
 55.000000 3541.045802 1589.611519 0.448910
 56.000000 3567.251217 1614.471532 0.452581
 57.000000 3571.139112 1627.352635 0.455696
 58.000000 3692.542684 1634.516846 0.442653
 59.000000 3671.721350 1665.169955 0.453512
 60.000000 3759.476062 1659.421150 0.441397
 61.000000 3786.944679 1632.885198 0.431188
 62.000000 3843.789289 1663.402796 0.432751
 63.000000 3881.493614 1638.141781 0.422039
 64.000000 3885.095606 1680.325186 0.432505
 65.000000 3995.888967 1688.519095 0.422564
 66.000000 3997.672746 1636.776309 0.409432
 67.000000 3939.450367 1677.096043 0.425718
 68.000000 3976.744709 1717.303438 0.431836
 69.000000 4118.808697 1644.002302 0.399145
 70.000000 4174.101995 1606.615118 0.384901
 71.000000 4247.499132 1617.294652 0.380764
 72.000000 4290.083002 1636.363215 0.381429
 73.000000 4232.135358 1638.740900 0.387214
 74.000000 4261.218207 1643.465823 0.385680
 75.000000 4439.902359 1601.163959 0.360630
 76.000000 4503.512504 1588.929672 0.352820
 77.000000 4492.852973 1568.553674 0.349122
 78.000000 4541.978662 1558.368905 0.343104
 79.000000 4594.393711 1574.491357 0.342698
 80.000000 4678.077539 1573.644613 0.336387
 81.000000 4708.386752 1510.891267 0.320894
 82.000000 4742.498010 1485.455525 0.313222
 83.000000 4675.937320 1517.099164 0.324448
 84.000000 4777.052068 1507.716168 0.315616
 85.000000 4767.449531 1482.909708 0.311049
 86.000000 4836.703935 1499.692219 0.310065
 87.000000 4799.232722 1528.099966 0.318405
 88.000000 4857.504796 1486.012979 0.305921
 89.000000 4826.166881 1477.751215 0.306196
 90.000000 4844.185754 1503.480351 0.310368
 91.000000 4849.051483 1539.217328 0.317426
 92.000000 4871.636001 1487.572023 0.305354
 93.000000 4854.043808 1521.461752 0.313442
 94.000000 4856.091396 1532.420928 0.315567
 95.000000 4819.434260 1548.399754 0.321282
 96.000000 4864.654754 1546.003405 0.317803
 97.000000 4844.721668 1530.489111 0.315909
 98.000000 4862.402085 1524.812350 0.313592
 99.000000 4936.265735 1499.334393 0.303739
 100.000000 4933.987676 1549.985432 0.314145
 101.000000 4950.416243 1559.317288 0.314987
 102.000000 4959.801166 1478.326114 0.298062
 103.000000 4947.364022 1508.696022 0.304949
 104.000000 4901.533111 1546.458011 0.315505
 105.000000 4943.866774 1546.365286 0.312785
 106.000000 4954.085926 1516.982116 0.306208
 107.000000 4939.297911 1545.621328 0.312923
 108.000000 4977.889398 1542.655134 0.309901
 109.000000 5016.544667 1508.201839 0.300646
 110.000000 5054.451734 1481.246953 0.293058
 111.000000 5013.180273 1552.740604 0.309732
 112.000000 5043.924894 1495.976831 0.296590
 113.000000 5149.495970 1425.569025 0.276837
 114.000000 5074.133540 1467.659560 0.289243
 115.000000 5122.089966 1489.933359 0.290884
 116.000000 5159.518488 1494.901370 0.289737
 117.000000 5121.321701 1533.651563 0.299464
 118.000000 5217.550527 1454.044296 0.278683
 119.000000 5150.278000 1496.349929 0.290538
 120.000000 5144.885671 1474.686331 0.286632
 121.000000 5174.900821 1504.388256 0.290709
 122.000000 5154.902477 1530.620010 0.296925
 123.000000 5188.979076 1513.967275 0.291766
 124.000000 5255.639941 1486.933740 0.282922
 125.000000 5261.961978 1527.814655 0.290351
 126.000000 5242.548014 1538.624277 0.293488
 127.000000 5282.756245 1522.527460 0.288207
 128.000000 5336.547926 1511.618006 0.283258
 129.000000 5263.475542 1522.407689 0.289240
 130.000000 5295.416313 1498.963196 0.283068
 131.000000 5305.285288 1504.274003 0.283543
 132.000000 5289.706509 1516.660439 0.286719
 133.000000 5348.979835 1478.498580 0.276408
 134.000000 5296.341503 1507.140846 0.284563
 135.000000 5312.656250 1479.735718 0.278530
 136.000000 5322.520159 1501.415317 0.282087
 137.000000 5334.767240 1462.465480 0.274139
 138.000000 5265.287267 1503.658210 0.285580
 139.000000 5332.785070 1468.341253 0.275342
 140.000000 5286.877015 1490.632548 0.281950
 141.000000 5225.240077 1534.665612 0.293702
 142.000000 5286.034328 1502.284556 0.284199
 143.000000 5335.249092 1479.318247 0.277273
 144.000000 5267.521589 1496.520777 0.284103
 145.000000 5297.737183 1494.948542 0.282186
 146.000000 5300.493144 1479.877585 0.279196
 147.000000 5245.714001 1485.599210 0.283202
 148.000000 5289.033889 1469.374674 0.277815
 149.000000 5302.443921 1502.610988 0.283381
 150.000000 5291.974789 1452.859791 0.274540
 151.000000 5280.555729 1488.421680 0.281868
 152.000000 5231.279863 1511.354274 0.288907
 153.000000 5301.946540 1509.665216 0.284738
 154.000000 5302.793044 1472.510719 0.277686
 155.000000 5279.610447 1481.820273 0.280668
 156.000000 5278.630144 1520.882232 0.288121
 157.000000 5307.709358 1487.862624 0.280321
 158.000000 5308.275917 1532.812064 0.288759
 159.000000 5297.658153 1482.203004 0.279785
 160.000000 5268.262712 1514.335322 0.287445
 161.000000 5294.737200 1488.074837 0.281048
 162.000000 5267.199527 1514.969378 0.287623
 163.000000 5211.362612 1545.013599 0.296470
 164.000000 5280.297373 1512.420462 0.286427
 165.000000 5245.056837 1523.148941 0.290397
 166.000000 5287.408884 1507.388176 0.285090
 167.000000 5316.989630 1526.258283 0.287053
 168.000000 5306.166787 1555.565945 0.293162
 169.000000 5284.268010 1557.087986 0.294665
 170.000000 5347.289474 1499.304113 0.280386
 171.000000 5319.912273 1470.628850 0.276439
 172.000000 5314.002185 1463.702399 0.275443
 173.000000 5285.158771 1536.494154 0.290719
 174.000000 5334.986208 1482.610016 0.277903
 175.000000 5377.762592 1492.847113 0.277596
 176.000000 5340.877137 1510.111879 0.282746
 177.000000 5372.682984 1491.310579 0.277573
 178.000000 5379.095040 1470.653036 0.273402
 179.000000 5354.877285 1512.446497 0.282443
 180.000000 5346.360999 1479.001828 0.276637
 181.000000 5336.439587 1464.016770 0.274343
 182.000000 5333.913694 1496.196280 0.280506
 183.000000 5356.558468 1466.273748 0.273734
 184.000000 5271.396370 1551.417991 0.294309
 185.000000 5351.345698 1515.363063 0.283174
 186.000000 5324.875602 1506.162039 0.282854
 187.000000 5324.455696 1508.753497 0.283363
 188.000000 5343.450867 1489.225106 0.278701
 189.000000 5387.263080 1480.729860 0.274858
 190.000000 5384.366390 1510.657484 0.280564
 191.000000 5405.798046 1537.944724 0.284499
 192.000000 5538.273119 1495.046294 0.269948
 193.000000 5622.893802 1416.143109 0.251853
 194.000000 5636.770133 1427.775783 0.253297
 195.000000 5681.140098 1361.712843 0.239690
 196.000000 5603.063249 1416.402085 0.252791
 197.000000 5631.018342 1376.057765 0.244371
 198.000000 5687.747812 1338.349047 0.235304
 199.000000 5664.591421 1363.845140 0.240767
 200.000000 5689.689927 1341.644894 0.235803
 201.000000 5674.270056 1347.480572 0.237472
 202.000000 5624.215768 1376.778834 0.244795
 203.000000 5629.854075 1364.293805 0.242332
 204.000000 5633.228979 1375.633580 0.244200
 205.000000 5621.217681 1379.023840 0.245325
 206.000000 5626.954477 1395.551148 0.248012
 207.000000 5587.641344 1393.957407 0.249472
 208.000000 5608.228216 1362.619582 0.242968
 209.000000 5645.880474 1348.826915 0.238905
 210.000000 5636.559882 1352.273556 0.239911
 211.000000 5682.159224 1344.491169 0.236616
 212.000000 5674.634681 1326.410463 0.233744
 213.000000 5708.907692 1288.922491 0.225774
 214.000000 5670.296434 1322.937285 0.233310
 215.000000 5638.091598 1358.045207 0.240870
 216.000000 5664.810906 1360.248578 0.240123
 217.000000 5713.678836 1312.731651 0.229752
 218.000000 5711.989457 1359.278125 0.237969
 219.000000 5700.499413 1384.325569 0.242843
 220.000000 5754.081358 1339.237094 0.232746
 221.000000 5712.018571 1358.241769 0.237787
 222.000000 5683.742160 1373.401652 0.241637
 223.000000 5673.762541 1381.756108 0.243534
 224.000000 5724.312978 1324.745540 0.231424
 225.000000 5691.910777 1369.964239 0.240686
 226.000000 5723.120868 1383.909655 0.241810
 227.000000 5722.710603 1369.102775 0.239240
 228.000000 5715.126481 1327.404772 0.232262
 229.000000 5682.830360 1383.875130 0.243519
 230.000000 5722.586011 1328.542898 0.232158
 231.000000 5619.465022 1383.597958 0.246215
 232.000000 5692.121992 1326.637014 0.233065
 233.000000 5664.817651 1352.128557 0.238689
 234.000000 5594.909832 1379.854597 0.246627
 235.000000 5683.722679 1348.667318 0.237286
 236.000000 5657.149461 1374.419155 0.242953
 237.000000 5643.165437 1375.403787 0.243729
 238.000000 5635.152523 1362.674719 0.241817
 239.000000 5640.115719 1364.374467 0.241905
 240.000000 5668.940598 1395.057405 0.246088
 241.000000 5661.320488 1381.112882 0.243956
 242.000000 5664.187952 1374.791504 0.242716
 243.000000 5653.243346 1338.653683 0.236794
 244.000000 5670.179916 1326.668241 0.233973
 245.000000 5634.549590 1374.264913 0.243900
 246.000000 5688.614081 1366.546166 0.240225
 247.000000 5697.892686 1353.408758 0.237528
 248.000000 5704.797390 1373.240056 0.240717
 249.000000 5731.515024 1320.656207 0.230420
 250.000000 5672.376109 1377.608087 0.242863
 251.000000 5676.304640 1366.737656 0.240779
 252.000000 5701.262219 1354.943329 0.237657
 253.000000 5666.759569 1357.417789 0.239540
 254.000000 5703.279232 1362.542627 0.238905
 255.000000 5784.070399 1310.085456 0.226499
 256.000000 5722.242949 1365.070965 0.238555
 257.000000 5718.809900 1350.917408 0.236224
 258.000000 5792.159402 1323.567651 0.228510
 259.000000 5751.168062 1320.728696 0.229645
 260.000000 5716.733199 1353.756976 0.236806
 261.000000 5726.557527 1334.668249 0.233066
 262.000000 5741.769556 1340.162278 0.233406
 263.000000 5674.673026 1402.612769 0.247171
 264.000000 5691.538056 1363.952749 0.239646
 265.000000 5698.723041 1335.870863 0.234416
 266.000000 5720.551292 1353.635591 0.236627
 267.000000 5740.490195 1343.089830 0.233968
 268.000000 5720.806077 1323.752653 0.231393
 269.000000 5737.226670 1343.632835 0.234196
 270.000000 5732.210653 1393.263099 0.243059
 271.000000 5746.536711 1374.101622 0.239118
 272.000000 5721.825756 1363.452718 0.238290
 273.000000 5754.353527 1339.407374 0.232764
 274.000000 5757.021007 1375.947099 0.239003
 275.000000 5785.767084 1353.141003 0.233874
 276.000000 5759.454088 1355.632724 0.235375
 277.000000 5788.720027 1306.833323 0.225755
 278.000000 5775.962994 1338.686835 0.231769
 279.000000 5758.804808 1326.161185 0.230284
 280.000000 5676.393879 1386.782692 0.244307
 281.000000 5759.812247 1337.337161 0.232184
 282.000000 5711.954167 1347.153079 0.235848
 283.000000 5771.142126 1291.101097 0.223717
 284.000000 5731.030355 1334.917336 0.232928
 285.000000 5727.028603 1350.858628 0.235874
 286.000000 5724.433066 1343.019462 0.234612
 287.000000 5762.039780 1341.233635 0.232771
 288.000000 5703.340546 1426.556553 0.250126
 289.000000 5761.903107 1341.992345 0.232908
 290.000000 5747.856738 1356.584232 0.236016
 291.000000 5730.264166 1337.838904 0.233469
 292.000000 5784.977317 1306.760609 0.225889
 293.000000 5742.805339 1337.558119 0.232910
 294.000000 5739.698455 1332.501014 0.232155
 295.000000 5749.224582 1318.116190 0.229269
 296.000000 5755.867862 1363.326567 0.236859
 297.000000 5706.303436 1376.199539 0.241172
 298.000000 5710.002704 1343.171797 0.235231
 299.000000 5731.066170 1332.612041 0.232524
 300.000000 5638.367332 1354.288157 0.240192
 301.000000 5694.424667 1342.368899 0.235734
 302.000000 5679.096705 1367.566453 0.240807
 303.000000 5708.100054 1375.110522 0.240905
 304.000000 5703.039878 1347.337474 0.236249
 305.000000 5741.549602 1330.281425 0.231694
 306.000000 5714.054893 1401.389209 0.245253
 307.000000 5714.141331 1366.025071 0.239060
 308.000000 5673.112052 1350.963132 0.238134
 309.000000 5726.651483 1343.170180 0.234547
 310.000000 5672.709262 1389.520496 0.244948
 311.000000 5685.793550 1330.227306 0.233956
 312.000000 5743.708262 1305.717999 0.227330
 313.000000 5711.515041 1320.429229 0.231187
 314.000000 5709.767136 1344.334085 0.235445
 315.000000 5709.441975 1338.132443 0.234372
 316.000000 5707.222245 1370.894564 0.240203
 317.000000 5700.556701 1366.165544 0.239655
 318.000000 5797.753052 1293.898523 0.223172
 319.000000 5762.493104 1321.898375 0.229397
 320.000000 5750.733574 1355.612555 0.235729
 321.000000 5683.658931 1381.138165 0.243002
 322.000000 5778.599342 1335.121990 0.231046
 323.000000 5705.765403 1335.164909 0.234003
 324.000000 5746.779129 1326.929847 0.230900
 325.000000 5755.967690 1335.137643 0.231957
 326.000000 5708.653573 1384.668437 0.242556
 327.000000 5760.830254 1366.842635 0.237265
 328.000000 5767.770879 1373.256836 0.238091
 329.000000 5801.080766 1381.037920 0.238066
 330.000000 5837.773291 1325.380062 0.227035
 331.000000 5753.400665 1371.119043 0.238315
 332.000000 5741.571127 1355.065425 0.236010
 333.000000 5775.541735 1361.851685 0.235796
 334.000000 5805.445061 1335.184803 0.229988
 335.000000 5829.237365 1305.670380 0.223986
 336.000000 5727.158168 1388.576838 0.242455
 337.000000 5767.913987 1349.950211 0.234045
 338.000000 5737.360245 1369.632905 0.238722
 339.000000 5729.652788 1360.347214 0.237422
 340.000000 5710.160080 1354.155707 0.237148
 341.000000 5756.552847 1362.997939 0.236773
 342.000000 5749.189699 1329.659799 0.231278
 343.000000 5783.652219 1330.884632 0.230111
 344.000000 5710.719778 1371.778611 0.240211
 345.000000 5727.011072 1343.768331 0.234637
 346.000000 5774.039298 1292.517149 0.223850
 347.000000 5729.024139 1332.215246 0.232538
 348.000000 5758.964952 1368.092155 0.237559
 349.000000 5712.975963 1376.766861 0.240989
 350.000000 5750.454651 1332.849034 0.231782
 351.000000 5785.128862 1341.404267 0.231871
 352.000000 5783.103073 1372.238637 0.237284
 353.000000 5769.330765 1351.075148 0.234182
 354.000000 5751.799019 1336.382579 0.232342
 355.000000 5700.455082 1329.236486 0.233181
 356.000000 5680.936434 1352.708607 0.238114
 357.000000 5666.619966 1365.762990 0.241019
 358.000000 5636.558160 1349.975167 0.239503
 359.000000 5689.096238 1301.372333 0.228749
 360.000000 5674.660409 1302.837354 0.229589
 361.000000 5671.520814 1365.663544 0.240793
 362.000000 5697.584489 1345.101224 0.236083
 363.000000 5666.141328 1387.874121 0.244942
 364.000000 5774.702006 1337.435981 0.231603
 365.000000 5765.681345 1330.088717 0.230691
 366.000000 5708.529773 1367.108249 0.239485
 367.000000 5704.350772 1333.982982 0.233854
 368.000000 5726.735574 1334.263229 0.232988
 369.000000 5654.891476 1371.484238 0.242531
 370.000000 5717.781928 1341.191962 0.234565
 371.000000 5731.087574 1314.263303 0.229322
 372.000000 5679.765674 1365.537180 0.240421
 373.000000 5717.096767 1316.232324 0.230227
 374.000000 5682.427782 1323.015828 0.232826
 375.000000 5708.537968 1328.478373 0.232718
 376.000000 5703.623132 1348.240186 0.236383
 377.000000 5720.771132 1324.751751 0.231569
 378.000000 5686.376919 1332.432429 0.234320
 379.000000 5704.367186 1358.999725 0.238238
 380.000000 5649.123486 1391.692582 0.246355
 381.000000 5721.891066 1334.633872 0.233250
 382.000000 5691.430170 1347.531088 0.236765
 383.000000 5708.635661 1377.445735 0.241292
 384.000000 5662.977811 1377.851080 0.243309
 385.000000 5670.897648 1414.761468 0.249478
 386.000000 5734.282675 1353.260293 0.235995
 387.000000 5724.964120 1361.877131 0.237884
 388.000000 5766.599374 1345.930758 0.233401
 389.000000 5722.430469 1312.473328 0.229356
 390.000000 5717.513945 1361.131073 0.238063
 391.000000 5685.577117 1360.537865 0.239296
 392.000000 5691.272477 1392.904599 0.244744
 393.000000 5730.282283 1334.672017 0.232916
 394.000000 5690.474721 1339.697129 0.235428
 395.000000 5674.281488 1317.599878 0.232206
 396.000000 5664.332251 1345.419420 0.237525
 397.000000 5672.254164 1326.507278 0.233859
 398.000000 5652.188717 1348.319833 0.238548
 399.000000 5662.242817 1338.643133 0.236416
 400.000000 5687.207691 1308.820043 0.230134
 401.000000 5630.696134 1368.750771 0.243087
 402.000000 5666.896121 1337.637216 0.236044
 403.000000 5676.321124 1339.079927 0.235906
 404.000000 5677.096588 1320.637846 0.232626
 405.000000 5647.953641 1354.699615 0.239857
 406.000000 5635.296978 1361.723073 0.241642
 407.000000 5650.090696 1364.166860 0.241442
 408.000000 5665.521864 1355.588364 0.239270
 409.000000 5679.442709 1388.629474 0.244501
 410.000000 5666.497961 1378.228570 0.243224
 411.000000 5678.928718 1350.795200 0.237861
 412.000000 5611.794651 1367.106946 0.243613
 413.000000 5643.751020 1377.133059 0.244010
 414.000000 5649.076900 1352.695090 0.239454
 415.000000 5633.734188 1348.231017 0.239314
 416.000000 5687.693375 1334.086864 0.234557
 417.000000 5642.089898 1385.221815 0.245516
 418.000000 5673.006723 1337.429901 0.235753
 419.000000 5658.763697 1369.917427 0.242088
 420.000000 5670.014769 1369.364499 0.241510
 421.000000 5665.938760 1359.980338 0.240027
 422.000000 5687.722313 1365.365124 0.240055
 423.000000 5706.357466 1371.940983 0.240423
 424.000000 5709.970108 1357.437390 0.237731
 425.000000 5742.337174 1326.531686 0.231009
 426.000000 5663.647215 1334.820134 0.235682
 427.000000 5645.262876 1353.629322 0.239781
 428.000000 5631.543566 1386.173863 0.246145
 429.000000 5693.551236 1334.208208 0.234337
 430.000000 5746.630491 1309.555760 0.227882
 431.000000 5658.947432 1357.652851 0.239913
 432.000000 5648.284045 1384.174762 0.245061
 433.000000 5689.318581 1349.375459 0.237177
 434.000000 5642.154103 1394.728609 0.247198
 435.000000 5620.815588 1392.080113 0.247665
 436.000000 5662.138201 1349.745737 0.238381
 437.000000 5675.154371 1337.389849 0.235657
 438.000000 5652.389415 1367.771980 0.241981
 439.000000 5648.719191 1373.966448 0.243235
 440.000000 5659.698119 1381.570044 0.244107
 441.000000 5688.569119 1361.119445 0.239273
 442.000000 5629.367425 1374.061167 0.244088
 443.000000 5676.724389 1344.718461 0.236883
 444.000000 5693.957707 1336.105405 0.234653
 445.000000 5693.333272 1324.740095 0.232683
 446.000000 5661.368099 1341.007329 0.236870
 447.000000 5689.943797 1323.762160 0.232649
 448.000000 5684.270755 1384.599261 0.243584
 449.000000 5710.155912 1372.725743 0.240401
 450.000000 5695.293666 1358.208973 0.238479
 451.000000 5701.493936 1345.331346 0.235961
 452.000000 5634.028673 1397.134332 0.247981
 453.000000 5703.377657 1365.056755 0.239342
 454.000000 5607.435756 1400.933617 0.249835
 455.000000 5695.663979 1324.350255 0.232519
 456.000000 5656.107320 1352.658471 0.239150
 457.000000 5721.891285 1292.281409 0.225849
 458.000000 5711.267010 1312.706785 0.229845
 459.000000 5717.851271 1318.690433 0.230627
 460.000000 5760.446934 1314.036753 0.228114
 461.000000 5733.935985 1343.815398 0.234362
 462.000000 5737.689333 1341.938653 0.233881
 463.000000 5716.315675 1326.812225 0.232110
 464.000000 5717.768195 1359.728536 0.237808
 465.000000 5720.327777 1337.610329 0.233835
 466.000000 5721.387735 1342.051485 0.234567
 467.000000 5710.053092 1332.061332 0.233284
 468.000000 5676.238702 1377.053090 0.242600
 469.000000 5731.786387 1341.030448 0.233964
 470.000000 5701.821704 1334.821072 0.234104
 471.000000 5666.812896 1365.448037 0.240955
 472.000000 5701.926747 1340.208052 0.235045
 473.000000 5642.843122 1373.901136 0.243477
 474.000000 5622.656910 1393.247921 0.247792
 475.000000 5707.301519 1363.101197 0.238835
 476.000000 5682.748795 1357.131230 0.238816
 477.000000 5631.999480 1407.500671 0.249911
 478.000000 5652.622145 1365.365692 0.241546
 479.000000 5630.124783 1387.061427 0.246364
 480.000000 5641.479329 1379.313320 0.244495
 481.000000 5691.165902 1336.384242 0.234817
 482.000000 5699.784407 1334.323637 0.234101
 483.000000 5680.320007 1391.100335 0.244898
 484.000000 5624.153686 1407.964094 0.250342
 485.000000 5686.452864 1355.406978 0.238357
 486.000000 5689.220068 1345.505711 0.236501
 487.000000 5670.590008 1368.276176 0.241293
 488.000000 5707.997880 1350.307179 0.236564
 489.000000 5684.159145 1361.059717 0.239448
 490.000000 5712.937538 1335.640527 0.233792
 491.000000 5653.628149 1366.959483 0.241784
 492.000000 5674.348515 1317.566686 0.232197
 493.000000 5640.107408 1338.169583 0.237260
 494.000000 5698.227298 1311.634223 0.230183
 495.000000 5676.384923 1323.512356 0.233161
 496.000000 5646.539994 1356.508424 0.240237
 497.000000 5616.070608 1332.481294 0.237262
 498.000000 5657.440128 1341.687579 0.237155
 499.000000 5653.148340 1358.696430 0.240343
 500.000000 5684.561217 1354.402368 0.238260
 501.000000 5629.278388 1344.290491 0.238803
 502.000000 5683.714640 1359.708378 0.239229
 503.000000 5660.143848 1403.246585 0.247917
 504.000000 5659.159324 1395.716700 0.246630
 505.000000 5704.625674 1366.336016 0.239514
 506.000000 5721.901456 1374.677920 0.240248
 507.000000 5722.860513 1349.242690 0.235764
 508.000000 5776.617031 1331.148044 0.230437
 509.000000 5742.287036 1360.998753 0.237013
 510.000000 5712.718899 1369.384595 0.239708
 511.000000 5724.688446 1365.143207 0.238466
 512.000000 5726.719039 1339.122215 0.233838
 513.000000 5765.459397 1279.946213 0.222002
 514.000000 5668.504557 1360.126153 0.239944
 515.000000 5675.826066 1410.974917 0.248594
 516.000000 5764.787072 1346.772229 0.233620
 517.000000 5661.416530 1395.384780 0.246473
 518.000000 5657.543657 1384.254309 0.244674
 519.000000 5705.300017 1349.926618 0.236609
 520.000000 5673.286380 1372.784537 0.241973
 521.000000 5754.159104 1283.790039 0.223106
 522.000000 5714.121289 1341.497224 0.234769
 523.000000 5692.833065 1371.666135 0.240946
 524.000000 5724.767554 1356.960484 0.237033
 525.000000 5702.226561 1340.020548 0.235000
 526.000000 5738.826623 1330.652912 0.231868
 527.000000 5713.517606 1341.719705 0.234833
 528.000000 5698.173042 1361.291077 0.238900
 529.000000 5719.091572 1295.452072 0.226514
 530.000000 5687.404830 1337.414165 0.235154
 531.000000 5680.565376 1369.513869 0.241088
 532.000000 5733.464421 1332.370933 0.232385
 533.000000 5686.385022 1375.814391 0.241949
 534.000000 5707.539417 1336.950521 0.234243
 535.000000 5709.980124 1321.946779 0.231515
 536.000000 5727.029857 1300.863127 0.227144
 537.000000 5666.125575 1376.274332 0.242895
 538.000000 5748.815150 1341.165210 0.233294
 539.000000 5675.504287 1373.330483 0.241975
 540.000000 5757.842866 1301.236504 0.225994
 541.000000 5707.755886 1353.136594 0.237070
 542.000000 5740.828295 1335.731085 0.232672
 543.000000 5746.802826 1345.503898 0.234131
 544.000000 5762.016353 1325.659137 0.230069
 545.000000 5755.420361 1336.214922 0.232166
 546.000000 5696.250270 1369.736376 0.240463
 547.000000 5730.508428 1396.867098 0.243760
 548.000000 5714.377232 1374.613675 0.240554
 549.000000 5723.607788 1381.523434 0.241373
 550.000000 5803.445413 1344.359222 0.231648
 551.000000 5792.988744 1359.409146 0.234665
 552.000000 5767.265888 1341.049303 0.232528
 553.000000 5772.625654 1347.107181 0.233361
 554.000000 5743.911310 1342.628350 0.233748
 555.000000 5739.062543 1335.150423 0.232643
 556.000000 5768.970071 1342.476394 0.232706
 557.000000 5727.929323 1331.445683 0.232448
 558.000000 5703.636501 1353.392208 0.237286
 559.000000 5717.155508 1384.133631 0.242102
 560.000000 5740.303234 1356.793601 0.236363
 561.000000 5745.396966 1356.985405 0.236187
 562.000000 5664.051631 1362.725056 0.240592
 563.000000 5741.523898 1329.978742 0.231642
 564.000000 5703.002937 1369.044264 0.240057
 565.000000 5656.904465 1385.585952 0.244937
 566.000000 5685.250084 1328.474604 0.233670
 567.000000 5673.651542 1364.618237 0.240519
 568.000000 5691.836482 1367.530182 0.240262
 569.000000 5674.674392 1354.875936 0.238758
 570.000000 5742.366067 1347.085431 0.234587
 571.000000 5672.057226 1400.462185 0.246906
 572.000000 5687.701512 1366.076678 0.240181
 573.000000 5700.686822 1340.340995 0.235119
 574.000000 5694.292300 1338.327731 0.235030
 575.000000 5697.691225 1308.174907 0.229597
 576.000000 5706.360253 1311.654252 0.229858
 577.000000 5704.716640 1322.604396 0.231844
 578.000000 5727.797708 1348.365956 0.235407
 579.000000 5734.124352 1334.410862 0.232714
 580.000000 5710.540969 1370.643009 0.240020
 581.000000 5776.779098 1335.989907 0.231269
 582.000000 5762.966747 1362.759249 0.236468
 583.000000 5731.999778 1365.025620 0.238141
 584.000000 5733.151070 1367.331477 0.238496
 585.000000 5783.787277 1357.395161 0.234690
 586.000000 5777.866663 1321.291774 0.228682
 587.000000 5752.522791 1344.672032 0.233753
 588.000000 5696.057790 1390.283212 0.244078
 589.000000 5725.134357 1380.135611 0.241066
 590.000000 5772.393137 1363.123233 0.236145
 591.000000 5697.953496 1412.464231 0.247890
 592.000000 5698.763766 1382.840458 0.242656
 593.000000 5719.724459 1343.578553 0.234903
 594.000000 5667.595086 1364.949736 0.240834
 595.000000 5648.480498 1368.589354 0.242293
 596.000000 5692.028440 1349.945508 0.237164
 597.000000 5676.978675 1356.627585 0.238970
 598.000000 5674.517482 1384.529276 0.243991
 599.000000 5679.312292 1369.941497 0.241216
 600.000000 5730.586365 1368.268376 0.238766
 601.000000 5678.112182 1356.872215 0.238965
 602.000000 5662.613821 1371.986440 0.242289
 603.000000 5680.067416 1350.552462 0.237770
 604.000000 5635.995209 1377.826530 0.244469
 605.000000 5661.612837 1381.677772 0.244043
 606.000000 5692.924025 1325.461181 0.232826
 607.000000 5683.219150 1357.313825 0.238828
 608.000000 5695.256315 1346.975140 0.236508
 609.000000 5667.774524 1381.211927 0.243696
 610.000000 5721.725594 1319.705223 0.230648
 611.000000 5697.139298 1308.878040 0.229743
 612.000000 5634.633034 1387.646978 0.246271
 613.000000 5640.653901 1379.006064 0.244476
 614.000000 5650.461599 1335.018376 0.236267
 615.000000 5657.351610 1339.761607 0.236818
 616.000000 5683.798656 1338.535850 0.235500
 617.000000 5716.757079 1322.547287 0.231346
 618.000000 5770.095664 1300.638397 0.225410
 619.000000 5694.350199 1366.863463 0.240039
 620.000000 5708.666629 1333.828976 0.233650
 621.000000 5728.465582 1329.872887 0.232152
 622.000000 5722.715916 1362.445347 0.238077
 623.000000 5791.355185 1319.686436 0.227872
 624.000000 5746.123660 1353.809621 0.235604
 625.000000 5741.133867 1338.185240 0.233087
 626.000000 5746.114979 1345.325115 0.234128
 627.000000 5803.014422 1311.581422 0.226017
 628.000000 5760.099903 1330.912442 0.231057
 629.000000 5711.174435 1362.349177 0.238541
 630.000000 5728.605395 1376.357682 0.240261
 631.000000 5738.494531 1340.630863 0.233621
 632.000000 5750.678430 1353.990199 0.235449
 633.000000 5769.326770 1325.625214 0.229771
 634.000000 5735.716133 1338.557059 0.233372
 635.000000 5730.383949 1303.658829 0.227499
 636.000000 5702.468413 1379.398637 0.241895
 637.000000 5729.437370 1377.590842 0.240441
 638.000000 5744.689448 1357.103131 0.236236
 639.000000 5741.169382 1343.215119 0.233962
 640.000000 5697.954543 1362.809179 0.239175
 641.000000 5749.766569 1392.778524 0.242232
 642.000000 5740.509735 1405.835506 0.244897
 643.000000 5757.983658 1340.217636 0.232758
 644.000000 5703.809102 1383.794357 0.242609
 645.000000 5755.603584 1360.404263 0.236362
 646.000000 5744.132601 1365.820467 0.237777
 647.000000 5775.843163 1357.173573 0.234974
 648.000000 5775.387305 1336.200504 0.231361
 649.000000 5662.959751 1380.213574 0.243727
 650.000000 5736.753867 1336.499225 0.232971
 651.000000 5736.618383 1361.317868 0.237303
 652.000000 5728.514464 1365.526226 0.238374
 653.000000 5742.816341 1395.525404 0.243004
 654.000000 5764.580529 1380.026597 0.239398
 655.000000 5756.728003 1384.426490 0.240488
 656.000000 5800.764569 1343.112669 0.231541
 657.000000 5781.725278 1353.235559 0.234054
 658.000000 5788.553595 1348.285825 0.232923
 659.000000 5775.709005 1323.607928 0.229168
 660.000000 5751.948572 1376.668736 0.239340
 661.000000 5732.525978 1397.469899 0.243779
 662.000000 5780.935112 1371.024550 0.237163
 663.000000 5737.440807 1389.688148 0.242214
 664.000000 5772.104057 1337.642378 0.231743
 665.000000 5696.424105 1405.097740 0.246663
 666.000000 5758.377880 1373.391439 0.238503
 667.000000 5694.292243 1402.568465 0.246311
 668.000000 5731.351792 1364.955603 0.238156
 669.000000 5726.099394 1349.636002 0.235699
 670.000000 5632.594576 1418.693032 0.251872
 671.000000 5688.600646 1380.015783 0.242593
 672.000000 5686.541105 1351.306242 0.237632
 673.000000 5716.851826 1294.543200 0.226443
 674.000000 5689.640342 1299.828439 0.228455
 675.000000 5640.746993 1324.727289 0.234850
 676.000000 5574.694141 1384.176130 0.248296
 677.000000 5618.191634 1337.957449 0.238147
 678.000000 5613.501794 1365.891617 0.243323
 679.000000 5658.102458 1328.707938 0.234833
 680.000000 5639.997234 1378.570695 0.244428
 681.000000 5627.254545 1396.809319 0.248222
 682.000000 5628.229056 1380.251607 0.245237
 683.000000 5631.100644 1371.716702 0.243597
 684.000000 5622.912519 1379.921559 0.245410
 685.000000 5614.485715 1348.312826 0.240149
 686.000000 5604.821966 1371.138219 0.244635
 687.000000 5633.702421 1336.314858 0.237200
 688.000000 5630.172807 1347.996871 0.239424
 689.000000 5608.425431 1361.863684 0.242825
 690.000000 5620.750122 1384.342609 0.246291
 691.000000 5660.048187 1328.226576 0.234667
 692.000000 5602.937687 1400.257051 0.249915
 693.000000 5675.708674 1356.012178 0.238915
 694.000000 5652.221974 1342.817926 0.237573
 695.000000 5643.387065 1356.997236 0.240458
 696.000000 5655.250722 1381.776939 0.244335
 697.000000 5594.856807 1344.011659 0.240223
 698.000000 5627.628667 1368.082907 0.243101
 699.000000 5664.371930 1321.365620 0.233277
 700.000000 5551.843776 1391.353437 0.250611
 701.000000 5627.739928 1344.411983 0.238890
 702.000000 5664.435935 1320.478611 0.233117
 703.000000 5597.560731 1320.902738 0.235978
 704.000000 5643.739038 1322.908708 0.234403
 705.000000 5637.636799 1309.799667 0.232331
 706.000000 5614.857864 1346.749089 0.239855
 707.000000 5644.429946 1319.354396 0.233744
 708.000000 5641.749526 1312.783572 0.232691
 709.000000 5631.019663 1345.114126 0.238876
 710.000000 5597.988477 1380.104349 0.246536
 711.000000 5644.739409 1332.215804 0.236010
 712.000000 5607.974311 1374.416098 0.245082
 713.000000 5651.956585 1349.684342 0.238799
 714.000000 5657.000307 1337.840067 0.236493
 715.000000 5677.627902 1325.690743 0.233494
 716.000000 5719.958918 1308.218088 0.228711
 717.000000 5718.747419 1314.361473 0.229834
 718.000000 5677.750767 1336.717930 0.235431
 719.000000 5670.655860 1335.770288 0.235558
 720.000000 5668.009623 1328.389015 0.234366
 721.000000 5606.113433 1373.795972 0.245053
 722.000000 5638.029372 1360.874072 0.241374
 723.000000 5606.085419 1391.749737 0.248257
 724.000000 5637.346189 1342.297329 0.238108
 725.000000 5700.730075 1340.790617 0.235196
 726.000000 5688.778556 1375.821624 0.241848
 727.000000 5673.523615 1367.801122 0.241085
 728.000000 5721.539230 1350.109162 0.235970
 729.000000 5690.710505 1353.338546 0.237815
 730.000000 5724.955039 1343.061217 0.234598
 731.000000 5672.742715 1323.916717 0.233382
 732.000000 5664.957253 1348.804576 0.238096
 733.000000 5706.246005 1310.055175 0.229583
 734.000000 5699.774654 1322.326836 0.231996
 735.000000 5694.432811 1359.788524 0.238793
 736.000000 5681.830203 1366.911784 0.240576
 737.000000 5652.383651 1363.658359 0.241254
 738.000000 5708.766599 1346.295182 0.235829
 739.000000 5763.869702 1359.313503 0.235833
 740.000000 5720.444512 1357.925124 0.237381
 741.000000 5789.735158 1334.088645 0.230423
 742.000000 5761.899749 1354.036976 0.234998
